5969
9981
8624
8565
1719
6953
19595
18011
6641
6355
640
18055
15111
6125
3783
17484
2987
18880
19568
4317
10937
15422
16570
2853
10225
3819
17666
17772
9468
9192
15963
16721
13442
19357
681
10148
11501
6614
9730
9091
2523
3661
9044
11681
185
6337
15734
4228
15804
18821
17940
15191
16774
16295
13217
229
14363
16614
6846
2075
5102
5666
16285
13243
11736
15816
1345
1295
15811
17465
19542
9601
9442
14386
6720
15053
17049
11241
8690
15180
9000
3430
9377
780
18558
4916
19061
231
5604
140
17410
11648
10612
15665
18788
