15832
13790
7320
2314
15781
1724
9430
4334
4366
18116
16711
5771
4733
13453
7998
8067
4594
18044
5372
11715
11116
1924
781
10973
5472
3557
15421
9673
8289
8702
9108
5851
16138
17760
19763
19964
10963
8372
3238
19705
10817
18818
8467
18572
4464
18367
14451
3021
10780
13265
4061
2527
7287
10444
6094
2564
2172
19342
6075
7367
1617
18196
4232
3869
4516
49
5295
19099
19939
1386
16871
4133
19110
5866
17946
12258
8170
2908
9145
9906
8502
618
18318
12893
17811
6518
19211
18319
6069
7196
6716
14920
4504
3334
6949
15286
16679
4512
13756
11426
18277
8979
8330
13247
9655
12844
16955
6612
18619
317
13840
16261
19022
2111
9120
10777
12901
5218
15849
4748
3645
14514
4349
8020
10484
6313
4313
15616
13164
8535
6629
9336
15924
6879
19602
787
702
14756
19552
16039
7914
10561
6898
6707
11235
2933
6674
18989
6775
3757
5933
4434
17712
296
17233
9837
7660
14393
11686
2510
5800
14150
5561
4167
13943
4155
10332
7318
4314
18560
8040
5278
3910
5677
11304
13463
14246
5637
8254
17311
4421
7528
14512
10688
18811
17547
1771
453
454
5224
5178
19627
18536
13092
8727
19101
10298
1620
6889
3138
9105
2875
97
18185
5193
19841
11664
2643
19685
11832
9151
5929
1448
2938
3941
4605
10758
19359
1457
4143
4727
5873
4507
14435
6820
459
11780
9638
4117
7799
15220
10457
18742
4523
159
3578
1015
18691
10165
4773
7155
12602
10181
3654
15779
16382
8674
752
4113
2204
16791
13420
4312
468
16866
10102
9805
3612
17552
10887
6752
1416
17300
12018
9543
16872
3454
11050
7495
11120
12511
15998
8016
18782
3114
8110
14105
18417
2404
12364
237
10891
2981
893
6169
5283
6166
17089
14140
4736
5147
18528
4182
17187
8172
1806
10019
2705
1534
5367
5134
6268
8520
2796
5989
7967
2210
13881
409
4222
18366
3194
8853
6406
13033
17378
7812
13490
9020
6134
17063
16827
14107
18492
14652
12505
5622
5466
2883
2195
4197
11849
13189
9393
10261
5806
3865
750
10529
18141
11032
254
5457
7780
7148
10228
14509
14877
8039
9048
18274
6943
9366
10077
849
8817
1264
1460
15357
14887
