18077
13634
16466
1344
14501
12721
1051
11031
7643
16819
12052
14560
336
184
14484
9337
13473
13195
12863
11322
2264
16867
9059
15375
12930
6964
1869
16663
2692
11916
12506
17244
12264
13323
8417
4837
12069
17640
12009
6982
14454
5999
7784
12620
13351
13215
12361
9331
3577
12525
19402
5726
17102
13233
11138
2880
16254
18646
2393
12556
11622
2915
11048
6389
15467
4018
7468
17817
13811
60
810
13841
7610
9297
10684
402
14131
4885
17198
15487
18358
11344
18749
16366
2832
12910
18875
11599
18048
1802
4922
8861
15380
6754
17589
12482
19135
9166
1305
13297
18693
14996
12122
17672
16671
15302
12064
16414
3348
13523
14741
1361
10168
3330
16862
8352
9395
14940
19332
5129
19913
14600
10572
17389
5253
10830
3945
18672
9306
18188
14331
16158
2609
10827
3035
14631
14291
4706
12947
13587
9065
19462
3832
13762
1514
401
15780
13661
6086
4835
17944
14304
11036
11213
5314
3218
8568
14452
7215
5068
12828
14279
18760
12396
19163
1130
14037
1757
10567
16966
5631
11999
4688
16504
7096
14344
16638
2390
19489
5007
13670
19562
8024
72
16609
1522
6907
4326
4705
5923
1947
13919
17709
56
462
2326
10001
6236
13081
814
16041
3598
11113
19052
3717
47
12987
14683
12734
18668
10251
211
8424
18897
8303
13816
8916
13485
11518
4138
9736
2557
2960
7494
13817
5470
1527
4373
13641
11132
1429
15538
6989
3513
9381
13911
9845
9419
12245
2822
18985
13976
7523
14183
7354
13824
13188
137
7172
14492
17593
17320
15265
16707
3231
13412
9848
15948
12193
17160
3472
933
853
15087
17231
16260
5116
13072
8399
15945
6992
5439
10350
7976
13834
11206
5460
16647
7628
1475
851
8714
15928
17957
5495
11152
18544
4881
4662
3370
12469
18029
6745
19872
4709
12835
16529
9489
18493
11651
12323
10320
1927
5528
17117
2333
1229
4862
16291
17292
5949
6691
14148
11110
15917
2382
10128
9401
989
