17448
18599
17034
18885
17540
12066
8922
5515
5068
8790
1068
18183
33
16432
485
8354
7912
12085
12898
6398
14730
10305
7381
8138
13001
688
11699
18371
13961
15463
5399
19036
18291
302
18233
1588
15935
7423
17183
7201
9274
13791
18264
8541
9511
11674
16666
3509
19466
13228
10368
7431
10472
4429
6728
18766
15412
4958
10312
9130
10909
10158
12709
18061
10757
10977
9209
11578
762
14204
2452
3076
2665
9312
18550
12291
19490
18472
1999
10395
9892
7259
2231
7885
7806
19496
17092
7176
17253
18922
16918
17215
18231
16367
19388
12183
16784
12486
8421
19863
3000
1711
4272
8746
8299
15450
12593
13368
2449
12761
6030
17054
3737
3328
15511
13969
1627
2913
11827
7558
5774
1596
8621
8641
15854
11239
14221
12273
4941
13574
19935
13673
19160
15064
14227
5212
16095
19521
2760
11846
8653
93
5478
206
12418
17327
13062
3386
12166
10261
1347
2604
14315
7120
9876
2236
13725
14319
14196
1000
5177
7747
12009
616
15203
10295
5476
15981
4156
645
5789
13869
13261
8151
4825
12766
8439
14402
18948
12482
19586
4654
17330
5245
9915
9632
4306
19004
12857
18725
15594
3163
9608
9323
19087
11650
6207
7865
15210
16187
11102
18104
2259
18903
16680
12580
6034
18761
15587
13193
8893
11063
18570
11155
3568
11847
5910
1242
9506
4462
5581
4945
9583
883
14495
9080
3625
7508
1816
16454
1908
8850
5082
17837
10080
5824
11287
966
18947
18940
10841
11083
16627
13369
11554
16023
13714
3587
5168
17031
4740
4792
13246
6235
10230
17994
12018
19724
16513
18208
3505
14830
15614
4415
1042
1617
13806
15641
2337
19020
16477
8864
16443
12506
15485
12690
15137
13494
14222
11134
6589
14158
3138
5587
19710
8753
6115
11071
10404
13341
11219
1507
191
10920
17525
14786
16888
16591
1279
18180
1089
5963
5009
3963
14097
1437
9788
1394
7639
14484
6114
2455
13715
1450
3839
1195
10154
6588
2686
16780
16895
15827
6574
19576
12357
7284
5625
77
7179
17954
3226
712
6408
6883
10384
16249
10052
10410
7565
16887
14719
16098
18596
9526
16066
8403
17200
2130
9822
6648
13412
6853
6781
18711
7656
3842
10025
17983
5221
11546
6952
368
17339
4017
18289
345
18474
17404
18240
18251
7909
18670
6684
10147
6358
7267
18606
18108
19256
8378
10678
18541
16065
19866
6202
12334
16829
9235
5225
8800
16698
7798
15420
5327
2470
385
473
253
17052
4638
5682
5281
15709
15575
6040
11412
3944
18330
12329
11164
9870
1074
11373
1021
4905
17110
9475
5791
538
5025
16448
19290
657
553
9227
11955
17742
17597
19973
9891
5284
16638
17153
18549
8591
17652
11570
337
598
8740
11756
12562
9810
13111
18995
9405
6545
1284
18132
1143
5026
10734
2500
19566
13125
19996
1743
8513
7093
18853
19937
16522
11300
1464
9247
19791
19302
12464
14480
15933
9043
1782
14401
15693
7713
8657
12842
10044
5922
15611
18157
15932
1527
19443
10166
16247
7140
9624
13351
7588
11749
11147
17342
7958
2140
7670
4128
1467
10041
1493
13870
7676
15395
17355
6646
5004
10774
19257
6037
12837
14541
1775
13568
3408
14569
17625
1766
14784
16449
1157
17565
18166
9063
5792
17815
700
3776
6652
12636
18039
13772
6959
249
16501
17651
16166
1696
2607
13823
11384
18056
18974
10512
10293
16881
14457
19035
14433
18990
6134
7837
14242
17827
17689
18527
15129
7695
12529
12398
13039
18447
4403
11203
17006
7611
13509
16188
10115
17847
14280
18342
5097
9716
4164
16628
5583
19509
10176
14360
3296
5990
8488
4036
12493
7158
16563
16014
6972
1319
15133
173
2862
13677
5753
15097
13094
3377
233
15995
10479
4303
6501
729
16149
81
15404
6047
820
10759
4304
18070
6664
664
14409
5182
5657
4582
13035
1549
1817
14237
18762
16717
18622
13977
3665
8822
17646
15716
8495
3341
15320
10398
10861
18905
15268
16554
12450
1162
10526
4567
2323
1488
14426
17375
16684
18567
990
17445
17544
8747
6558
8975
165
9926
13540
9528
12814
10470
1250
7982
1559
19205
10408
464
18311
13630
12373
818
7172
19455
1544
6451
17802
11815
16995
2044
14613
10388
14656
11856
7623
9100
11119
7026
16580
11386
10874
6112
4602
16668
417
9104
7341
14051
15737
18306
7171
4814
9467
17538
15423
11544
5965
521
10283
307
18993
17990
9663
17002
2845
18346
15764
8886
7709
1155
10943
11740
1095
6748
17783
6415
6507
968
18863
16265
4993
11968
7782
179
17338
8375
13797
18759
9991
5672
17729
2283
9319
17576
3370
5596
16276
5658
295
9977
13327
6301
14243
14686
10809
7629
1550
10124
15809
10045
187
15687
17235
16131
10036
373
16998
12647
18939
2679
4190
16046
19124
18338
18590
15948
16574
17370
5981
3382
8446
9641
2581
4302
8673
12276
6315
13898
3636
18619
2603
6482
7950
9229
6478
9970
1010
8205
14897
5855
11573
13565
5019
12331
2092
18926
19735
15292
17174
1160
15208
6585
17750
18369
970
16107
6277
13061
8571
17287
17558
1734
7458
16831
4658
14157
7250
5649
11252
16524
6101
17019
15538
4933
15960
3124
11175
8501
1992
14791
9639
5778
13727
405
3460
7024
8838
15
16157
8166
13417
16219
7178
103
19957
18941
19143
13946
11243
6909
9047
12547
5736
7009
15127
17747
7786
5374
19352
5063
5434
426
6188
14177
10006
16196
18228
10513
15926
716
932
18076
5770
16203
10047
14606
12714
12468
16696
13252
1611
1499
9610
1466
18603
11496
10609
5069
15014
6280
13138
4573
31
16734
10266
13637
2331
4591
12889
3859
2610
19132
9325
2985
982
1730
2080
12317
367
446
18444
7532
306
15307
5040
18310
18955
11448
10105
15910
549
15851
16900
400
18698
6533
18997
13310
14083
8952
16037
13402
4390
8269
14917
15802
797
5162
19759
3216
16865
17526
3317
7314
18149
116
19453
6026
3294
11869
17380
759
7247
8184
221
15277
6052
8355
9812
13083
12339
18969
10249
16943
17959
16861
7606
8326
3909
1199
1149
4711
12411
8656
1634
11782
8323
14464
17591
9194
6801
19793
19877
18467
7882
11745
17735
6591
9314
10986
10296
1506
15121
11948
8311
8161
19772
8317
2348
1414
5704
13713
19966
867
12162
7911
18842
21
7456
666
499
7191
16633
14609
5955
16245
7337
6795
796
9594
7503
16170
10628
16128
8793
13340
18487
5630
6494
17255
14800
16396
17199
783
10857
12855
15439
12693
12511
13700
11887
1229
17060
1608
11747
16377
4919
5835
15024
5038
6887
18142
14648
8912
18607
18319
794
10465
11332
2866
6828
3719
13638
3493
1009
1904
4251
16177
19373
2540
19699
18356
1113
9367
13718
12533
12921
14555
1502
5570
7104
6884
1251
7332
18127
5345
13775
15459
