7360
9845
8027
3416
2858
5388
18107
8460
11808
19417
18250
15830
2979
16731
16605
3150
17562
11107
12914
11390
6658
15565
6905
13011
11773
7796
16474
1352
9678
410
3853
11923
4546
14165
1969
17409
11920
15959
17653
1098
14406
16645
1237
12810
19347
8258
18962
2170
13427
7507
9266
16676
6190
10557
14655
8721
19378
16437
9093
10003
17165
18981
6335
1115
3079
18771
18402
19366
19355
19312
13152
8074
4244
12067
743
1983
9055
14500
12198
15264
4984
17474
10081
2722
4395
1647
6768
1953
2118
2421
2411
11809
17334
6038
9404
3204
6373
6089
12332
15530
2460
17955
10878
3760
2049
2007
19196
1350
1636
6033
18390
1335
12747
16013
16034
19182
7890
12713
19608
10934
129
12405
3764
17744
15427
16175
4184
8632
16172
14957
1112
16402
566
5755
11492
505
4014
3718
12621
17884
3563
16428
3483
17763
9591
16748
7285
9270
6733
9446
15217
12229
19770
7374
12744
1399
16539
9813
12217
18675
18391
17776
2770
15457
3976
1291
2332
17521
19365
2721
16892
17058
2414
6969
2410
18851
17843
10972
12022
2178
17237
16933
15638
13517
4632
19148
17836
6756
3854
2293
19663
10440
3183
4498
6776
7827
5702
14108
2226
8486
15293
11837
343
2108
9493
3113
11257
3691
17611
3119
6187
1811
11240
909
19247
10480
2341
5084
2302
19936
13040
6510
11557
7534
1184
17665
7752
9532
4693
8839
13361
19633
19813
15916
14153
6994
11306
19244
15814
19946
6444
5117
4209
9144
19703
3965
15325
17482
13567
12583
9530
18640
19259
3132
9391
4685
8987
18222
14968
3074
7654
8529
7555
5061
18210
10736
9189
7323
1798
19582
12639
833
4447
4305
16527
8902
19186
9303
1314
3372
19536
4318
1814
4121
14103
17572
5888
17248
11841
121
17419
8723
17072
4027
443
2177
2992
9407
2935
2412
2606
7482
5717
9106
4684
8473
1470
12090
3367
18491
15825
6266
14948
8909
12801
9398
15777
18295
14723
14672
16229
7859
5333
16120
13885
7968
6064
1548
14367
2343
6048
11314
2851
5035
15392
9207
5113
8865
18283
14876
18343
12239
19694
17304
19834
18963
18179
16773
4042
9423
3415
4706
13367
5810
3124
10696
7299
13279
12404
3929
16640
4930
6368
19690
9950
15393
17890
18870
2639
3361
8637
15895
8829
2616
17147
309
5589
4923
9727
15095
17803
6483
15707
5012
16054
5286
11228
7718
6349
4068
5418
6450
17485
6853
8126
6967
2677
10581
2608
10730
1037
11919
3694
9677
19722
327
7206
18843
15340
4402
1082
14313
6973
14709
7729
7064
4677
6908
12708
13593
8499
10219
7238
7984
4311
10601
12286
8718
2318
3542
13645
1244
5714
5237
12553
17509
2406
17497
8482
5982
1737
18629
8570
6796
18967
11159
7638
15382
