19720
8888
15023
6797
13792
17963
16992
6958
16592
3142
5077
3342
18801
3529
14770
1710
11580
18253
6178
12
9095
8174
8944
7479
14860
6054
4153
15218
17661
9220
11823
9320
10937
2082
15913
12126
11250
19934
11273
16799
404
16067
9884
9443
16054
176
16833
3437
9814
6150
19875
18490
7105
10284
15190
1538
10534
1
13892
12676
8768
18053
14575
896
14921
7580
16521
7266
8737
15187
9614
19669
17099
16006
12195
8650
19136
10354
6223
334
542
15808
11795
13644
7710
32
3412
1435
15444
18352
3643
5853
16986
6869
8400
12453
11662
892
16125
6466
10006
2104
8934
6706
7617
9844
2664
4352
9153
19739
5301
2145
2182
2289
3103
13938
18275
7315
15957
5744
7235
5346
7256
13893
3923
12699
7335
3552
10373
7500
239
14608
16517
15475
16047
17045
6793
6153
9909
7241
19932
19682
15745
18468
15250
4276
7134
11901
11908
1518
2696
3682
8627
14782
12743
11689
1725
6340
1573
11414
17727
18555
13759
17771
14204
1841
3952
5125
6062
906
2667
12248
18313
11056
11666
1372
6746
10019
13691
17452
5387
3383
11236
19385
238
8875
4409
13862
10806
9697
12497
16000
9960
13852
6025
4804
6367
5360
16995
15973
7774
19362
11206
6962
11527
16338
4924
17832
5901
11721
16803
1376
2560
210
17945
8604
19510
8201
3761
19578
13732
9382
5781
19589
1855
13572
13388
10779
19153
12065
11349
3189
17780
8897
17377
14566
4475
17163
18999
18840
14359
16993
2882
4636
15415
9288
14325
10948
18704
7728
15082
12098
10662
18898
14785
16413
16091
12777
4244
15897
14262
1523
17065
5356
18428
14292
16768
19970
10676
7143
4338
14424
10522
7395
19193
14301
9714
12202
11409
18564
4319
17667
7446
7086
19470
11265
3534
10330
6838
18638
16990
11114
13926
2397
2699
363
9734
14106
7420
11352
18874
7402
14524
14264
9618
14885
2918
15226
14691
6128
14198
13277
17495
18788
973
12939
18727
12834
26
16713
12313
16457
7355
8180
19277
2857
18204
9628
2238
11227
9255
14963
6548
251
16168
15143
1910
13212
9733
50
11315
7280
4909
7693
17734
16122
1789
5527
1071
3271
16564
18701
14233
6722
19116
8586
8698
7793
15343
17648
10607
13413
810
11986
13076
7652
18641
8279
3878
12520
7720
19286
14210
822
16951
14366
545
15787
15712
18148
15271
14831
12234
2384
18631
3967
9470
10050
11388
13653
4529
19492
18050
16271
1156
14534
16752
9807
12338
2652
3414
2711
8217
16747
5603
13232
3180
10288
3823
10606
16169
2036
1402
12973
6420
12379
4888
7487
16838
6439
11989
15649
12805
11026
16897
14772
17392
4348
16695
848
16173
9664
1180
8963
19338
2907
12238
4386
16553
3524
11940
14618
1405
2814
3405
5414
10029
2741
2044
13407
7332
13547
17796
498
6121
7949
8384
9169
4116
4391
12293
10162
14473
7861
19280
19616
11645
1876
12375
4929
8223
4764
14478
8255
13853
7072
7914
7516
2898
930
17095
12433
5101
18190
7336
19318
13197
2574
16674
5250
13850
12692
8708
19168
547
17725
15156
17910
8290
6573
12634
13813
10424
19431
14309
3455
19320
14186
18130
18652
4989
8342
8452
1504
1666
4670
11086
9858
16868
19537
10066
11142
18169
13404
971
6191
18723
4972
16569
633
19696
10167
18271
5142
8954
14428
9918
14764
13616
9684
14268
13192
19029
4093
15721
17864
3450
9764
17900
7366
3362
2128
5634
17080
14363
9117
12589
15089
2936
17363
5377
17457
13084
11010
19999
3128
8789
18552
19495
19879
17503
19118
5814
2480
18823
8259
3422
17974
13045
2446
15025
10419
17286
4992
10184
9747
10550
13415
13281
18145
19446
9552
5179
11982
4686
680
2083
9216
14394
5256
7612
19569
10034
4520
11341
15125
13063
18324
3108
1391
6519
11480
15856
14561
10392
5612
9242
6427
9125
13234
6650
8283
7696
15232
11483
4444
10834
17412
9981
2471
4015
11202
12268
2389
209
17828
9847
11043
7189
761
802
809
16439
10244
17851
13350
15060
4214
18829
16899
17136
10658
6199
13126
8663
4681
15739
8539
3554
4177
9573
5336
10865
19527
14912
3601
16411
5011
14302
3209
9264
15673
11256
11336
16648
1776
12867
13168
13237
17309
1270
16856
6594
19107
11639
2207
3061
13334
3798
19857
1752
5084
12522
6580
17290
19494
12384
1702
4038
16397
11184
3034
5879
16910
2725
9022
15440
11427
7389
14146
14341
11722
543
18562
13324
10717
424
55
15736
8163
7551
10595
9629
2658
4243
14245
13832
11297
9338
12407
5493
10234
14086
7627
16905
14832
2732
17238
4201
18835
230
14525
13129
9358
13933
1836
10004
4647
12127
17808
11672
17489
2693
4535
3988
12043
15813
11904
2501
11629
4536
10634
2569
11498
1409
16740
1200
9475
13890
8671
13275
11906
1369
10803
13768
7679
283
3647
2169
5614
17673
11422
14915
14192
11082
13510
14622
4598
13449
5651
19989
3805
16599
2162
567
11279
4355
3078
8876
7917
18347
1609
9204
10669
7688
8966
8791
2625
4219
8316
18666
12723
10545
16387
15942
9432
10881
19655
8851
9335
16930
12159
18526
2051
10280
13229
6851
6867
9753
17037
3622
19902
5743
19386
586
17818
13475
4710
15616
15094
2579
16625
9236
7486
18246
12328
3931
8133
472
17127
14883
18372
16743
10174
7826
11162
11312
16090
7375
16427
7934
10153
2563
4254
2873
6100
6481
1453
4416
15893
2370
14759
8548
7450
644
3995
12374
943
3418
8097
3649
13285
6740
1300
16119
16145
11733
12621
11605
3019
16615
13827
14068
1043
12397
15642
11590
8188
19126
19274
6081
2483
6865
8165
7683
2056
14539
18632
5118
10631
6360
1107
8497
3236
10194
8442
17121
3693
4936
16220
9280
15223
19677
8374
10227
19159
16719
12031
774
15554
14677
2346
1895
15243
16365
4859
17082
19327
5785
2220
11915
5269
15436
9781
17245
11693
18593
11481
2524
12401
14377
17484
5033
13454
16008
11140
18762
13664
18926
3476
2064
1635
10932
18674
11290
16664
18421
16036
1525
12952
15435
11085
5739
11954
947
10629
3411
19807
4080
12171
3504
6194
18514
16546
9292
17962
17730
212
11981
11830
14701
18086
13701
3946
7995
12420
10134
2997
13309
4857
9283
4926
13688
4402
9835
9383
19473
660
9570
6642
19852
18665
5285
397
9449
14052
5991
421
3320
17921
18105
15099
10533
10667
18832
17775
392
13678
15207
12762
15988
6846
4877
11882
13013
5686
5819
487
9012
4226
11335
16464
18985
19123
1378
10363
11198
10415
2885
6782
5628
1540
15456
12476
9471
17075
2319
13705
3100
9675
14521
14989
13707
11613
14502
17773
8824
14316
243
10893
12572
19640
10800
555
2140
6724
4911
12935
4028
10802
5106
2695
18211
2038
7625
2636
17108
12832
11450
12223
19788
15674
5366
14626
10804
7913
9103
2065
666
12417
11871
2903
12864
5765
7506
19962
9508
17508
7229
965
8936
7268
2326
6183
19588
6825
11555
10463
6181
17411
8154
12642
8938
765
4048
15816
17738
14459
10431
8122
7358
14421
19220
17171
945
5096
13902
725
14013
5027
18328
16419
8296
3846
9713
1704
10397
3639
5701
18882
12133
4378
16953
5579
1897
3641
1533
16218
5985
1659
11081
12655
9110
14842
9963
19709
11488
18017
9155
4343
14327
4601
8431
19946
15756
5355
5984
18087
2514
3314
14726
13166
890
16925
110
10069
14888
2290
3673
3440
18273
10894
17824
13389
7112
6154
5368
12638
4998
8397
2273
17786
2401
17535
13481
10663
3752
12742
18192
2690
12641
7476
19151
979
13687
16896
8498
13716
17731
15397
1133
19621
19138
10343
6841
2724
8607
3579
5919
2543
15860
15695
14294
9536
3093
6877
8550
7509
7219
11681
8046
4407
864
1879
4170
16808
12720
15039
15784
623
10608
6158
9391
7871
8256
11192
5711
2179
14139
13107
4608
15037
375
10985
5398
18764
13905
15962
10576
16092
13627
9244
16620
12548
18296
607
12037
4928
4454
10978
6835
7762
4568
11397
11620
4393
2437
14229
14112
10588
5620
9815
17275
6942
11814
1971
2965
15297
959
17859
19129
4805
16482
18333
16690
342
2841
14952
8967
4221
2344
16675
3676
407
5890
18395
18484
9439
18480
7421
11547
2784
1813
16863
11269
6821
19865
1280
10345
12956
18119
5361
7770
17308
2375
15924
1570
15690
16921
13950
11807
15238
12672
7194
19170
8955
4424
9859
5421
3143
1173
4114
17580
1585
8479
9626
4510
12878
12151
15181
2739
8937
18854
12061
16241
9198
8351
16515
18291
1519
10868
16226
16760
7246
9016
6511
5642
7656
16738
12425
786
5297
18980
6933
152
2916
17779
16190
18908
2340
17833
6514
16906
1238
2115
18160
6009
13516
5599
12545
2153
12512
10752
10215
5818
2827
3911
19348
3809
16237
13249
524
2989
5517
8633
6274
11303
2671
5337
13184
17420
13795
3127
15882
19519
17493
7990
16714
7447
2010
8717
7426
2246
7723
2364
14304
14422
4723
7035
11078
17911
7382
14744
17909
14706
433
7437
14761
19317
14757
17658
10799
5191
3485
11020
5719
16903
6417
11638
11992
18269
18272
1853
11881
6673
13330
14269
6071
2415
12707
7314
3394
1277
14565
8956
12107
7054
14438
4862
16386
17024
17358
11511
12494
19847
9601
3933
16661
1563
12521
6549
19314
19361
7082
4487
11201
6555
18532
14395
18519
19316
4604
17807
15033
14334
10489
1392
11694
11242
104
8925
2135
8240
18027
153
16058
15824
3407
19971
19591
17961
13514
12671
7692
19098
12152
9652
14326
10223
474
16821
18511
18213
2805
17902
18033
15531
2361
11385
7371
7928
5710
14710
12415
4240
3663
11952
3938
6304
15906
18584
1501
7316
15455
9513
9868
10763
8121
415
1662
18265
12509
6111
14205
2948
14132
14639
8340
3848
15437
18295
5530
7339
17297
6337
8874
19830
12426
16820
390
15111
2791
13524
17270
10091
19861
13561
7845
8926
16548
16244
19281
5884
12555
7609
11099
15513
37
14135
3406
8596
12953
10938
8776
16705
8148
19660
10008
5423
13520
861
15681
1959
16912
11472
260
16623
10146
1621
10273
19063
5577
4252
10451
1360
18781
19183
10357
14184
263
17463
14479
9044
13240
19307
819
6876
3993
8610
14476
3096
6502
3354
7166
1401
14417
3996
19096
16604
3434
3965
1829
12579
7733
4820
8470
17480
3620
8658
7644
10565
4111
8868
13984
17669
15677
4290
15391
11059
5066
7535
4947
2824
14882
4134
11046
4526
7254
9265
1627
6927
19915
5370
1181
994
17329
14777
1185
10749
17574
6311
19031
17929
18201
11264
14687
12934
1856
6849
6500
1255
3177
19262
3301
14711
18696
2074
1494
1315
14953
18016
8731
3389
1870
12598
8720
9133
12300
12442
12288
8160
630
4342
4666
3403
9797
1406
13056
6581
9879
9488
14307
16667
12904
9175
11408
12657
10989
7471
19383
5128
1579
839
11268
5486
2099
11376
1233
8951
1036
14908
12508
10901
17978
16236
1250
17826
17482
4910
4455
1896
16481
7853
1016
4323
13207
18354
15711
10387
16328
7979
13667
15432
11039
13838
3102
5865
3001
15879
9676
8230
11200
10413
756
3050
7575
495
16590
7378
18163
13800
10957
15213
17064
16818
11417
6864
875
6945
1524
8598
18110
18585
1875
5049
8992
15668
1852
19201
15053
16472
15542
6935
8011
6997
13970
12983
18595
12616
12326
13379
7742
3550
12352
18676
593
67
2168
10548
3804
10979
18534
4267
8206
13264
8793
9944
18329
18850
6610
2200
13917
6802
10195
5647
18404
1294
16682
2802
16814
3932
1254
1991
6855
12376
19468
897
1902
12886
13386
18292
9653
14039
8035
9296
18866
4450
6355
1266
5832
11401
10161
806
16514
7282
10403
7022
7851
1955
512
4515
15490
1517
9369
3825
2001
6382
18166
17751
12840
15408
2345
3683
17241
18260
354
19837
4266
17899
16988
14992
3447
15329
11746
13569
4029
2233
2506
9160
2674
1076
6113
332
5966
6521
12367
15312
17506
17956
17167
6291
19798
14558
9735
5438
7154
5482
3368
17467
14807
17511
16924
16154
15979
16552
15228
1891
7015
15371
6747
16533
4126
11387
11364
2291
10246
14130
16983
17443
13072
11771
8128
17100
4954
7040
804
2588
11946
15468
8988
11301
6729
4227
19707
3256
17386
279
9484
12670
642
11383
17703
2976
346
19587
1058
12071
17477
15526
2859
18838
17104
6967
41
13734
6978
9208
4330
11161
17118
11499
15563
1455
7163
3868
6195
4195
7517
11023
10756
1520
1020
1528
5238
1285
14340
273
2411
14977
13014
14843
9414
18539
12040
3824
14128
4265
17745
2689
11229
15785
12370
12851
11248
3606
9565
12260
10605
9291
8001
2428
14742
13267
12727
7870
12998
12325
18751
6584
701
9903
15734
6298
10712
1059
6506
2672
10367
11355
11539
2869
19583
17571
8635
1348
15115
14881
7208
5511
4052
5578
13638
10741
11018
15769
3838
7973
16879
16480
3858
3023
8943
2568
4429
9544
2747
10402
5240
6029
10727
16049
13851
2253
8301
19850
1332
16444
13214
19150
3458
16618
17432
11014
2577
13785
9300
18900
4136
5891
15093
13981
17350
8144
11574
854
4309
7772
14536
2971
15991
6878
18413
16385
14308
2002
16101
1490
6042
18111
5143
12686
13724
11070
8613
18716
9073
19789
11772
16334
13753
15719
11902
10396
12960
10525
12175
4876
13318
9326
8090
12140
18671
2237
5226
2215
16040
6043
3573
5969
4289
11072
8677
2372
638
18435
17933
17684
18305
13079
7969
13884
17164
2347
9881
13696
972
11667
5150
16277
12225
4996
12503
18722
6491
14671
11602
13269
11970
7277
9794
14278
12032
6249
7834
5540
11932
9174
15934
15947
12430
5279
8199
9998
3729
8156
11240
3421
15857
3436
6964
16560
11897
6035
18449
17887
6332
10132
19755
14640
155
12218
5643
11084
6353
3212
12750
18834
15823
8408
7952
5896
51
5894
5148
4744
13303
17805
10127
19457
17948
11286
7602
2909
19065
14007
18392
10879
7462
18183
8871
1934
4256
7
6189
6681
4629
9736
12087
7085
6524
12608
5860
6283
11836
3543
16410
12871
4432
4457
3427
6072
11218
5773
19287
13008
271
16149
8562
14311
5396
8273
16497
15517
7185
17365
4367
10785
2783
8819
17918
14126
14929
19023
13319
9830
13201
14679
5461
11055
2635
13021
222
1954
11804
7620
5586
975
2434
14857
16721
7600
1476
4500
10747
744
14603
10585
177
7454
9649
13106
18005
7584
3136
2970
5494
2940
938
8402
17862
5290
10377
15946
9168
8257
9519
14001
3973
793
4893
420
13196
15777
244
7650
10822
14443
6850
15266
14964
5318
16072
9183
1833
7021
19787
19191
511
15464
592
2884
13346
14155
11979
17249
10375
15417
16769
8872
6710
8062
19984
2704
7776
6901
2822
837
18502
16532
508
8089
12412
8057
17906
4634
3254
881
12874
7231
5184
8013
8178
1774
13170
3371
610
3098
17397
11831
5803
4122
16643
13327
556
15726
12066
13513
18037
7537
3629
4779
81
3788
11633
16005
9420
1931
3065
18255
14505
18600
10355
7253
19927
2508
8858
11811
19925
11994
11905
10735
12535
8933
11642
2623
1019
16655
13931
4546
333
10951
16323
4294
7721
12360
17049
19008
16979
12680
17607
11037
5571
3710
11284
12607
2101
7731
9009
9239
39
10158
6495
16956
17073
5613
3024
17460
7977
19026
8820
5417
6255
4437
11296
10410
11024
16113
15643
877
6104
9986
16021
8666
6312
7557
386
10914
5305
8857
7635
18393
16311
7991
10922
4661
12030
10482
398
1905
835
17606
14933
18628
4755
4106
5371
12796
4581
11536
18300
4795
10135
14493
13815
9710
2663
13896
9090
6119
13398
3268
1624
14559
1575
924
2575
1183
14758
9437
16453
6847
16321
12609
14474
19243
5970
1205
1928
3706
13465
9150
19541
17575
8787
15117
6543
13560
2943
7308
5022
11880
10503
6966
8305
12073
16565
4646
4317
13047
10232
8263
16182
2049
3186
3459
852
5837
9046
17461
13955
3937
5950
2787
7664
18287
7049
6834
2242
19030
9512
19181
5809
19913
18524
17615
313
3435
15331
10071
100
19437
7424
7480
6566
18068
7736
2792
17125
635
15545
6498
15344
3783
14180
3822
1193
6940
11700
10409
10020
6936
6404
5751
11652
13154
6376
16442
3891
13068
17271
840
9969
2394
2950
16310
13530
3582
15217
1798
6343
5878
11316
15720
4725
13118
4315
18777
4448
6717
19793
1907
6339
11833
3339
8859
15416
3660
19088
16496
19015
5088
7255
14094
9134
13302
10220
13260
8654
3257
12017
19620
12739
13360
9328
8639
15482
17998
2709
6627
17293
9886
4130
7657
10578
14533
19910
10219
17842
7393
16498
8327
12630
14287
16581
4575
1900
9759
10873
4364
8478
6449
13512
1993
168
17239
18818
13837
9892
12795
14234
12757
8652
5504
14939
3071
14249
1655
1084
5805
4020
16686
2715
1015
18175
5688
181
9942
3018
6421
13966
7180
2033
17228
6208
4196
862
19944
16787
15373
17989
16647
9938
1189
8068
874
3604
3849
8204
3688
3799
12045
7518
8224
19949
9210
9726
5294
17346
1821
13847
2090
19741
5180
636
15689
16839
10360
707
10359
1359
11653
16434
10342
8807
19539
14787
13268
14551
11538
9089
9723
16885
15757
17399
7647
4675
15317
6541
12551
13461
11157
16469
14194
10847
4458
6432
1693
15722
1029
12439
9952
17393
19133
15920
6362
15543
394
6791
11774
9212
16370
19544
7150
8018
12474
13027
1903
6228
14712
3398
19454
8915
17388
19154
2476
12181
13002
3894
3020
17523
12115
813
3919
13604
15619
6981
11987
9579
3269
12083
10737
1272
19066
939
17422
17262
13663
5759
3431
15449
18845
1917
13778
9930
12775
17938
3862
13779
14185
10564
856
17130
4476
3420
17343
14375
19631
9660
18949
3374
17406
9623
4248
383
10618
7583
7815
6310
15411
10173
7081
15618
3367
626
15230
10746
8391
18594
11141
10580
1299
4944
5506
13145
9225
2619
16653
1691
9873
15987
10792
640
7891
1064
18561
8274
3631
14597
18768
8314
7730
7498
7353
12050
8617
8373
7203
789
5207
19803
2155
10432
9463
14176
19416
3913
9515
12976
16184
11623
15630
1535
591
901
18633
9662
17768
11467
9654
4956
4593
13525
14530
18558
19499
13987
15113
4282
12344
10498
2350
14162
3803
389
4300
11926
11482
8608
10813
4962
17325
19423
12681
1732
18081
9948
4872
3491
15858
13133
11628
873
11154
7785
12900
11293
8345
3400
6482
10289
17977
18537
976
7084
14646
10233
3467
16227
9914
7034
2930
2087
18359
5549
3097
1688
4104
670
12303
15424
18202
5767
6861
12178
13534
17053
16586
6527
8894
16942
14096
18998
11058
737
18180
3750
6970
15702
18184
2191
3244
4860
19458
12432
14543
15159
5566
17384
17442
1571
12473
12478
6751
11047
6251
9286
4651
7749
18869
17708
15179
10661
1395
9440
10730
11091
4279
16059
5564
19522
7427
9595
7607
8797
2042
18610
15324
17007
5380
4143
19650
8006
16677
8186
11002
9368
12531
17866
3153
13284
2585
12959
2307
9989
17154
3147
17251
19900
5274
7803
17743
435
4916
5309
4980
16394
12359
5608
5209
18109
2553
1485
6649
12924
18732
13210
1382
13224
8520
11619
16859
3978
11754
9010
17527
1785
4812
17873
8175
17546
16108
7363
10517
6349
11583
15541
2025
14987
11123
9566
18679
8297
8177
19986
9780
5419
2275
11128
14115
14796
12887
6315
19614
4003
5412
6975
1447
11898
10782
4789
10164
12232
9833
10279
4855
10831
4007
11469
3213
13357
17385
7519
18411
18394
2513
105
8208
2682
16948
7642
12141
5172
9749
15027
3784
620
6015
19858
19230
17883
13760
8595
11491
16115
13745
13822
16076
4341
908
7525
18101
13913
3873
18734
10849
14256
1593
16729
4484
13203
9688
3340
7272
17476
9237
14732
668
6800
2266
14962
8742
4522
17695
15072
11008
10255
7527
5439
11485
4223
19868
11521
5877
10213
4044
5046
7823
10188
1818
6456
1553
13866
19456
6278
16330
7634
16303
19750
12068
14985
5062
9809
4676
16708
9800
11317
17634
13529
18551
2927
3265
15340
17874
8986
10671
15519
5827
