3899
1307
5394
10983
114
13993
7888
14247
10263
2396
16858
7213
15354
2119
14738
9669
76
15503
17131
4747
15623
925
18525
112
1208
1075
8532
3506
18189
19407
9672
15006
888
1885
5797
17168
19033
1864
2216
983
6380
16425
6726
19646
4715
11871
13861
19221
16610
13766
17650
865
1004
1697
9034
1892
13241
13326
5428
6242
13418
158
12827
8923
378
5392
15868
147
17922
12635
14053
19783
17225
7595
12174
17566
8518
5167
311
834
2152
3324
921
87
360
15547
1699
15845
8441
12990
3626
5852
7293
11612
18317
13041
658
19855
5918
2516
11983
1832
19283
14532
7818
2012
691
3743
16662
6127
17941
2453
1591
12604
18079
949
1039
19553
16865
5437
2585
19734
7658
13044
5498
3063
15312
15288
9702
16194
1144
4234
2014
6247
5859
19526
14782
16571
1171
19721
119
1997
8543
656
17002
5130
7961
1845
5598
2085
15738
1801
17898
2715
339
3111
4761
3882
11850
19354
5239
278
19817
1916
13693
15298
125
4543
6423
6021
12888
695
166
12689
1950
5361
13609
12247
2459
6831
14596
9577
14028
17439
1311
8150
17229
2986
1286
5115
14072
17486
2023
2355
2752
4054
8110
3112
16843
19797
15237
18060
8749
16062
493
5213
1168
5242
2299
15907
16326
12256
15335
10982
4152
3237
13978
992
19843
16360
7521
395
8998
4692
3297
760
4183
18960
1289
1077
3559
6637
625
751
19249
8084
6090
1218
18667
1564
385
10617
19764
13776
17560
14795
1952
15718
12679
9896
10764
821
13146
5197
189
10369
13067
2369
987
18816
9497
13959
17171
17740
13522
3026
18220
12249
19341
12685
17140
2856
4186
16333
19025
14586
8044
2353
19141
18082
2531
15034
3897
11720
1893
2756
7011
502
12813
1918
5153
5021
8411
11064
9307
19832
3811
18557
7184
413
2488
13924
15613
6921
8640
6176
886
16487
5306
3357
12955
15620
18373
6159
4599
11687
16846
10083
14481
1703
276
6484
9947
11044
8538
13585
1052
16011
15108
8509
15751
17175
3817
19109
17521
2144
16304
1217
2362
1603
19643
2247
3829
1411
6164
4062
12091
11185
14724
10191
2648
3031
18839
13989
1808
43
16735
4609
12049
4754
28
6184
19623
14577
16230
5110
3323
17973
5003
1134
671
3890
4249
6602
1328
16860
1513
1091
1901
9202
18219
7540
13250
2844
7006
5039
19037
1502
5747
10145
16806
19289
4451
2156
11045
6401
3802
19323
13635
6814
957
3264
15715
6082
1273
16118
4760
2317
1515
5748
3836
15544
2683
4146
6334
646
3329
80
962
12948
17048
16222
372
5537
3519
5829
17138
11220
16578
3998
1676
1177
7892
2476
19805
1653
5851
19600
18553
403
18497
9041
3018
1081
15362
18951
500
2807
10857
7322
1566
7777
10906
3002
7667
676
7811
6336
19871
85
14022
15749
8047
14026
18799
17700
16280
8286
9124
1791
5576
2297
10483
3117
10554
1363
7515
6385
14217
17699
15231
3316
19991
5384
18442
7586
13803
16788
6132
2997
12196
15073
10740
17219
12612
5131
17446
7829
1765
14098
1905
18847
19324
379
2776
5713
1709
73
11062
16140
4948
10958
16418
16792
15107
13544
12422
19113
3305
2335
2843
1324
1154
1795
18932
10297
13225
14603
14143
2378
4120
10423
18312
17492
9483
14995
13451
1419
4939
17781
6880
19445
3232
15644
12559
4229
2814
16733
3619
6074
18051
3486
12077
3153
3681
10998
3249
19114
2160
13856
14628
68
18770
14415
19227
45
12424
5535
13339
3333
14941
1185
19296
2545
14396
1994
5521
18327
17478
13452
16110
2464
11558
17449
14244
13995
575
6798
3927
6206
2383
11197
16225
832
15839
13065
2963
7918
5895
288
13945
14716
18684
4118
4084
5426
5365
950
6968
1600
11452
3406
170
18902
18841
17797
11913
5326
13022
202
1624
6938
5948
18927
326
14159
4547
9188
2449
3895
6950
3051
261
19346
204
1632
416
10257
16320
3257
4359
5633
1623
17017
5653
6440
1128
1914
13724
1854
12802
429
16289
583
13832
6571
17665
1810
154
1803
1815
2220
8836
8422
3135
9024
2381
8477
8920
2001
7204
18407
3779
4070
44
2650
11516
3391
3860
16282
17928
247
5093
15966
738
252
5546
2462
16332
850
535
1552
2736
198
7505
10752
14920
5181
15965
3174
10790
17113
7946
2897
4413
8940
732
14634
8046
18325
15982
5032
17078
11139
10667
18618
4696
308
12961
3795
6049
10487
15990
12627
14252
14903
95
3397
4630
2227
2431
8572
7328
5155
5798
969
7512
16156
4157
19415
653
3197
4663
16649
14682
8131
17335
208
2543
2164
6874
2027
577
18907
7131
18868
19746
7124
4783
1686
12819
