8202
3721
14770
165
17822
4796
3686
18862
4018
6231
8145
10661
19761
6402
13113
4986
18953
9832
7861
16436
11723
17100
4510
3045
18010
19659
19585
7848
3032
1833
19588
1788
2020
14472
15464
7104
13288
11572
12989
7941
1932
8657
7856
13875
15612
5090
14343
13410
14573
19482
19139
1173
3799
513
12393
4739
2215
10026
14023
9930
5628
16756
15730
17691
10227
19716
19011
3533
5077
12102
9199
6508
16228
604
2332
4271
13257
5721
5750
75
14863
5414
2427
19233
16207
4264
6229
6077
11028
1891
11583
11215
4425
11128
17586
585
11648
14269
14365
17005
7002
6249
3248
6574
8357
901
16002
15711
7370
15721
11746
1028
10825
258
19954
6772
18201
3085
7338
19606
9429
126
19530
9659
15422
1700
7020
13680
16105
16307
13678
18214
2489
18491
18270
3551
9969
17961
9449
17610
9008
11790
4862
3086
1371
39
17125
15322
6269
10776
1407
14086
12152
3523
15696
4851
19238
18208
17056
10421
15717
13929
4420
4
13047
884
7583
13506
7133
7589
4035
10911
13386
17007
14535
1545
4446
8779
9892
1602
5085
2266
9018
13305
3362
10238
6248
8842
13787
8143
12900
11581
13677
3992
10896
19945
19156
10463
16785
7231
1312
12589
3402
10002
12451
16570
6937
7699
5970
13185
1248
11880
13216
2196
4063
10752
2927
19769
18641
5959
9777
5187
19984
5805
3358
4486
5666
13352
793
4798
16019
15004
16395
542
7203
6348
14622
9854
4297
10337
17083
3466
2340
14693
461
2484
18980
1040
6220
15608
8180
6327
19792
3814
14701
17818
11249
13763
19992
17940
9031
8224
4511
11176
10689
5974
9815
2181
10519
3750
13752
8452
689
1201
4613
17875
11282
9839
19515
1610
9833
7034
15310
1889
4895
432
1046
1663
3447
10585
8470
12138
6009
3924
18665
17587
1540
1215
19870
8511
284
15359
11040
4136
8713
6142
13454
5023
12271
2199
1121
16257
10979
14582
7427
1280
3440
13783
10475
15774
7091
11563
14128
3455
1819
2276
1840
2666
3289
11946
12292
6274
9614
8939
1750
15913
14927
6744
17028
11963
19680
9573
5870
3224
12714
2424
10267
8291
1732
19312
6840
17807
3990
10207
2624
6966
5042
15122
13374
3758
2221
3410
5387
5102
6515
5195
13131
12226
7667
18555
2298
11509
7050
14255
13425
3909
3141
8253
14497
12979
16242
13557
13040
16779
19857
14883
7257
14089
9936
13069
10692
2242
7234
12645
17743
7758
1322
5351
14546
7464
15309
9729
8934
16096
16303
19852
18732
17619
16224
4178
17564
11101
15697
10632
11385
2446
6400
13259
5166
83
13686
5938
16234
3193
1551
2455
11497
19963
843
6778
4765
13949
18744
2057
1190
9887
19116
16995
13272
16306
11542
6315
7801
7764
5202
9049
15191
18896
1320
12436
11140
18552
7931
1858
6156
14129
1233
11998
1017
6886
8104
1310
14283
14137
19205
10909
124
96
11291
14249
17657
543
4163
18419
12799
4634
16285
2128
9844
14914
9717
16079
8225
9394
9251
4262
15151
17495
8815
12487
17603
12188
13334
6179
1132
12926
13979
16495
13230
5846
9681
19157
2211
4996
6295
12613
18979
4339
2941
13461
6275
17144
9897
7635
8734
17569
15384
4652
15178
3406
5058
2246
16896
17104
17285
15699
8197
14468
8018
18638
13865
13633
3553
176
19038
3549
11703
19787
4670
8489
11446
4973
6750
183
2341
8633
260
11440
13277
18122
5256
1049
15222
16220
1701
5871
19595
17733
1403
8324
3584
9240
19558
13558
16488
4775
11942
2841
7295
18780
1396
17352
3916
13079
5913
7716
18946
8553
17991
2360
3569
1874
15526
12024
17001
1589
1822
9804
7537
14963
16940
17429
12494
17688
14729
12834
5282
6043
1489
12358
18890
19243
16030
19336
6110
10514
7307
10325
2512
338
19295
9499
14352
12618
9837
19047
16411
8517
1262
12840
9582
13952
7618
17421
10835
2445
8487
16480
4757
11845
2320
10190
9612
18985
2376
15992
7029
264
10476
2397
12861
10847
10085
3042
2422
1226
7289
15037
8198
17471
8967
5017
4473
3653
3272
1239
3266
4681
15702
18357
298
10167
3602
10534
9091
10931
16122
4836
13224
4437
6925
18321
2095
19568
2998
11733
7332
10046
9534
17915
3576
2410
10042
12881
13655
6391
844
3550
5725
11114
16848
19401
3118
14463
7972
468
14525
13014
12777
16003
8290
17520
18460
7192
13537
18272
11405
11401
16797
15892
4691
15157
3345
18733
4459
5551
3428
4902
1688
8865
13327
15553
13396
9019
4702
17193
19443
1609
15317
1648
1189
18056
17107
5247
7756
2935
9187
17659
10473
4226
10582
2461
5523
17050
18404
16793
11226
19547
19262
16619
16909
15458
15432
2813
316
14511
8868
16008
908
3599
2853
17081
13963
1474
18067
5360
9935
8627
19369
3474
4951
4562
15517
18775
508
10279
15953
4228
988
19173
1148
6844
1142
9584
2097
7177
1838
504
1936
4093
13166
13243
14141
16183
1911
16184
1281
7815
17266
9966
18562
3413
12346
15894
8647
7549
1094
1152
2598
14189
16541
1582
1274
2659
5389
2704
11353
8823
14186
3160
5688
16145
3529
10481
18859
10348
6641
4352
6737
1753
2004
551
10533
12758
8971
8978
4168
18296
11629
4795
18857
888
13852
6761
10584
17047
6028
19604
6107
12764
2892
1888
15488
4424
693
4887
16623
19397
1665
12348
8974
5825
13043
10568
3175
374
4625
6997
10961
2784
6947
6655
6520
1006
9226
3761
2936
12543
14204
2073
17906
12419
14317
5544
4125
1959
7245
10643
3338
15804
7366
6907
10221
14956
18457
6192
4408
15364
18640
12309
3969
4671
13707
4362
9051
7383
3880
12345
4744
11892
19108
11771
1613
12144
11482
9058
17481
9042
12151
8969
5847
12134
18821
6555
3392
4322
5686
2157
2646
3723
1718
3558
19297
14732
5856
7311
580
19278
12433
1313
9704
3774
17844
19605
3105
1933
9451
13200
7679
5569
4414
6329
12695
7005
8158
5960
6371
2169
5745
4831
2976
8414
14095
13304
12213
9036
15225
1650
10822
16208
9291
7791
13195
12740
20000
8432
18333
9656
4954
15083
4752
18284
12347
15162
17126
7648
4656
10149
14868
827
6330
8837
8132
16718
2560
4782
8876
10157
5266
10201
18754
5715
6626
16281
17366
17796
5817
15435
10217
18027
17424
5654
12725
15270
6569
1641
11418
10472
3530
4411
13542
9452
19523
16618
12130
10409
11580
9690
14001
12521
5317
14994
2477
14276
2701
3591
10017
8629
19265
4935
19738
16391
18604
2719
9791
11662
18915
12031
1430
14243
13899
5759
16423
19742
2258
16829
8592
9234
8137
12382
9770
11768
7748
19089
19642
6967
15627
15856
7513
9137
14824
13244
9442
17110
15527
9857
1477
3670
5
2957
14625
9938
6479
6345
16815
3429
10984
841
17411
3322
12681
2780
4292
523
19543
14256
14962
13733
2193
8209
387
15426
5683
13716
4192
215
16284
16521
4550
5189
10258
2034
18522
3463
6427
9412
91
18777
11193
8019
12377
17078
4743
16556
1415
3659
7403
4508
3450
9484
17945
11068
2209
18990
19024
10273
18546
6614
17326
2862
19414
14945
13576
18781
1741
979
1267
1135
4024
11178
15843
9014
16789
7959
4820
6813
1055
14278
15533
11432
18650
8527
12832
14853
4614
17127
6293
49
15081
13222
1120
19607
9143
3819
1711
10587
7089
19640
17602
17706
3472
216
13448
6294
864
19612
8813
2067
4104
12211
16705
18513
10894
12425
2860
2180
10818
3430
6846
1500
4419
11634
14476
14356
6595
6924
17055
929
16173
18376
18672
6262
7012
3451
16748
6666
3514
10346
1433
15465
10785
8900
6431
17409
17296
14908
19599
2285
3477
3747
4409
17965
2116
7358
16431
17444
11729
19648
16444
19049
1723
2187
17283
3307
12946
1934
1929
8221
7288
15708
11048
3110
13103
4611
14815
9148
9506
15969
19785
6375
591
6332
7342
172
11403
6071
12461
10061
719
18387
12775
7082
1105
1390
11588
13082
19027
10743
9070
7439
15030
3210
436
5293
5932
4418
2387
13004
10977
18361
5051
18914
3520
9363
9433
10148
10137
18900
3077
273
17984
7197
9241
12202
2743
5461
4224
19098
18305
19784
19130
2575
13347
7166
18449
9885
15025
16567
602
7080
15968
270
17629
5329
5494
14708
2143
15349
16743
11775
6734
11369
8797
10398
19513
13985
6528
17088
18912
10724
2197
13674
4465
3244
4076
10100
7587
8072
13738
18131
19224
3508
1224
15460
5439
4867
5693
13377
423
19057
10244
3171
12936
15852
10768
11810
4377
7385
2588
12625
2801
3978
3712
1235
6803
11774
19881
1913
10494
8549
9464
19824
12816
5559
12491
6878
8685
15234
4768
17638
4763
8531
19534
6014
14987
4300
6096
18354
11
2887
14590
12480
12333
4111
13249
1393
16340
13559
14645
1797
10131
5565
9522
10289
6171
6755
1955
816
4478
9264
603
14918
19845
16406
17312
14065
8587
13975
8384
875
9441
16576
11347
10685
9357
18637
13811
11596
19259
14115
11375
14027
1615
18790
11250
16936
8812
17437
15282
7207
5257
19425
7948
18066
3844
11317
18381
12183
3801
2691
5206
6872
16193
16433
3980
15467
15183
7154
4834
5319
11296
7270
1625
301
10929
1536
16264
1722
7388
1717
17328
3169
19127
17289
17124
14434
17331
197
9289
3672
3126
1747
10063
13785
10625
10621
10897
9192
1759
5831
7329
9840
18297
5287
19658
15605
2994
8121
18592
10158
11271
15634
2595
19664
18874
17736
4479
9996
823
5486
19905
16870
12662
7444
8618
9434
3388
7634
19997
19304
11605
19191
16469
14534
10220
15560
9250
10541
2086
19528
14796
8663
4077
8164
7377
15731
19811
6342
15102
1683
15041
6625
7111
17425
5415
16012
9304
14347
3501
1931
1197
5849
4896
13956
11224
13406
6140
13116
6934
17605
17226
10510
14436
14116
10371
11754
4048
17156
12608
14091
19803
1996
12730
9000
9261
10500
14811
12732
4467
9658
4127
16736
6374
9379
10814
5136
1905
15525
10434
6214
18482
18259
15394
10882
19436
15648
142
5441
17956
19013
11959
18007
18431
16077
4053
11018
8307
16807
10347
4584
2558
19136
16150
588
5332
9994
16553
1083
11986
6677
19305
13248
7041
7628
10536
11406
18390
9915
144
4988
3384
7630
10504
5600
14452
9540
7979
8996
17656
14767
2451
4096
3608
15442
10066
365
14416
16800
15169
11852
14386
6236
6221
229
2346
9836
17093
1568
17152
15592
14157
15549
17908
2929
6441
5873
8279
1045
6758
18194
10092
14584
4204
7153
16661
16552
10605
8677
2594
8160
12314
18629
2175
10361
17803
3273
16148
11943
134
16421
13535
17073
10184
7684
3465
5739
8074
19682
7533
17438
12598
17295
16199
7592
18075
6457
5514
19204
6568
12876
1902
17470
5126
13271
1278
12640
5645
4202
11276
4678
12867
13547
12238
1466
1755
16834
19488
9460
5397
9265
7246
13234
13986
11737
14739
10144
8624
8690
9792
642
1245
3168
4397
8000
4108
15858
7141
898
6943
9492
15201
15665
13161
17484
8453
4142
17911
19927
10116
16053
2079
18353
16925
11055
14265
2354
7817
19575
3165
4351
10591
11773
11349
8784
2269
15348
15461
13170
1025
19316
5098
548
2974
9494
8954
1330
11928
9249
2102
13980
18559
19731
3432
9700
9401
19121
17367
5339
1043
8300
1087
10667
6255
16227
15820
4683
14830
10612
14173
14404
9384
4184
11736
12782
1402
15226
11925
2586
18140
2620
17642
16000
6102
1181
11254
10343
18800
956
13023
16498
9156
13008
5446
8444
10247
12555
18952
10414
14801
10239
6226
15299
13977
8851
16665
10109
6932
16327
6044
9171
10038
3713
4897
1508
2777
3618
13951
16906
13991
15552
12445
11830
6261
5255
3636
16549
1383
12536
14414
4991
18102
15062
14926
8165
3952
19236
16566
13366
3875
14073
10206
489
12540
9881
5655
5294
3574
5109
12078
14346
17958
12209
829
672
19474
16533
12565
10056
16599
2706
8371
4659
10530
8066
18872
8203
15411
16979
5661
7341
13636
7067
17133
19591
8805
3503
16251
6292
18135
17864
14687
5442
10281
4792
10638
4900
4488
3809
8613
2084
17741
8387
10486
17998
18727
7974
5340
2002
5419
13519
7392
18561
11455
19981
13753
8896
3061
18706
753
3615
12155
12717
7233
8905
1614
11102
2911
14849
4102
15485
18147
7655
13290
16295
560
8230
1282
10125
15177
17099
1321
3787
16359
19406
14970
14932
3291
1205
16714
11488
7677
4227
3583
4578
17902
3029
17916
12701
11628
5543
11939
14828
10522
15314
862
2972
14035
19974
18745
16590
359
4090
10276
19542
8408
12960
9543
6443
13964
353
17149
11324
16657
9406
3121
17169
1119
10301
15819
13168
17705
7298
10093
18410
17644
14370
4531
3566
895
19782
14121
17853
16707
17813
13286
10232
2309
5665
18055
11072
19026
7463
8827
1579
14571
9330
11163
1945
10211
2324
14106
1866
6354
14160
1258
13923
2663
7365
2884
19557
9687
19579
18232
13063
15308
13038
12222
6578
17410
16283
8767
3966
4041
13468
6806
7216
17537
11631
7776
18505
6560
11424
11584
10992
15500
3791
19277
7875
11940
4438
12798
10048
219
6700
8101
19468
12558
8226
13566
18427
18269
18213
19955
1497
6363
11027
15888
7202
19356
200
4635
9741
321
12453
6686
3614
12617
10586
2339
8899
16049
10155
15559
17702
7217
15351
4950
14225
18988
2478
13974
4379
98
3442
2224
399
19953
3788
3159
16525
12477
14180
13728
17834
14946
5432
5692
18053
16464
5138
17369
19531
3399
18704
5876
19086
13083
11043
7368
15615
12216
5947
19275
12595
19002
19677
2619
17103
3070
13888
7123
1511
11231
3309
13441
8922
3209
17816
3568
8636
17824
4124
8522
13217
10443
7900
3832
19220
3968
16545
18938
975
2083
5096
6180
7651
10055
19780
1569
6739
330
17969
2785
13145
15930
11096
1862
16394
14966
4338
1367
16263
14605
9643
16833
18348
13086
9013
2359
3502
11383
12656
2622
5826
10285
12293
8802
4215
223
15002
14661
7110
953
16174
5614
14675
8281
2737
9737
18958
16751
3075
2380
12962
10781
4069
10598
8906
16589
8745
4539
19352
6867
2578
5373
18928
5998
6451
4065
3039
4060
9535
6801
7498
14585
7853
2699
14000
480
16808
4657
11338
3339
15387
2126
5872
9512
7944
1821
4448
19827
6885
14721
18776
18916
11094
11891
14608
14400
3935
8726
8907
11947
2179
1622
9715
16033
19345
4268
2001
11209
7112
14727
2577
16602
10713
5667
1097
19441
735
5455
4493
2412
6485
7862
17137
15754
4802
4417
4509
2996
15455
2032
1117
6597
9256
12420
451
15712
10259
15040
17850
12097
17668
16262
7751
3072
9752
11533
13498
4861
16701
12634
7857
17556
13997
9530
6876
12723
9509
12449
1463
6030
17829
14548
744
1362
257
19201
7834
99
9927
9663
17176
15132
5525
1222
2088
422
4311
18152
16103
6416
15423
2098
1141
1503
18700
14184
4038
3188
1973
18584
16643
7334
6800
18973
15045
13583
12576
9816
1756
5822
6791
15229
2506
9589
8928
19061
1318
2330
17573
19714
5356
361
6016
11587
1153
10871
16697
9775
16438
14198
13539
9158
10436
2593
19597
15589
6452
2137
14334
11165
10218
10406
3970
9718
15866
2879
12517
5765
14421
14527
19880
1850
12501
2367
9564
24
17373
19799
4965
6582
13896
1786
86
11376
17585
10439
5445
19914
2313
10452
9719
12922
13263
14487
12191
8598
14399
16157
11182
16938
3770
10650
15840
2481
3753
11534
958
14722
4405
1664
810
4327
4236
3650
4821
11989
8710
1550
3186
5379
4472
17545
15668
1076
5501
4703
16774
10940
9954
7969
17128
15433
2519
4888
2888
5860
1041
5971
17607
4918
7357
6948
11691
19349
5390
7790
11427
2793
12550
6713
10615
4827
5691
14892
130
16170
6513
12327
3225
12973
15591
7681
698
9069
571
5192
6471
10438
1482
11150
15545
10618
19059
18675
17840
9523
1583
3380
3161
17634
12933
15215
529
16374
16798
2714
12728
5741
13719
18880
18786
17029
18658
14723
8565
14493
1695
16970
8712
13788
17960
14911
2774
13411
13837
637
15682
19657
12702
18062
2399
8157
6592
2495
11034
11173
15962
3492
1501
12870
17341
1421
2734
18678
3195
11142
8196
2421
10300
14617
14973
16385
19733
1687
14029
18013
10796
1378
2292
12994
16419
3376
12176
9559
6540
19470
7554
1571
13694
19138
2854
10614
3600
4346
3879
465
15431
13650
12268
2559
5412
13212
457
10106
7500
19069
13114
2912
12736
18876
10807
16944
16625
15023
3849
18885
6007
17319
17755
17361
16355
16491
9724
3938
483
17565
2467
10107
10435
17740
18084
16270
16730
13192
6593
14094
3022
11888
9925
12124
12500
18605
9731
1532
15607
12864
11545
237
6891
9825
13389
13317
19631
3331
19358
5436
1754
9561
13
5349
19596
5516
11635
13767
17465
8099
10416
13810
4563
4141
11144
4871
1736
1642
14618
6902
213
3081
10290
19552
18349
935
3785
15664
3170
17647
10798
2694
19021
2625
15838
17178
19216
9765
2984
4245
14333
17469
19000
19251
15810
10886
2502
14900
13884
3641
13560
3404
15746
1706
18822
18717
8914
17430
8903
18867
136
6139
6870
8508
141
9218
14520
14192
7384
1067
9527
12829
11204
530
8558
466
19018
8245
522
3445
9995
17872
17891
17949
10213
50
6897
10178
11897
16857
3833
5548
12263
14964
13938
17265
15101
2944
13350
16302
15828
6098
5346
11303
16923
19898
8789
7187
1949
15833
12232
19153
9826
3926
8015
3308
19675
14602
11109
5640
3545
11812
6407
322
11951
12127
5638
12324
3359
14369
16548
13684
5443
5073
13291
18496
4030
9766
12154
16238
17508
16299
12693
9526
19313
16392
16750
5823
12319
15993
14470
18489
8337
9611
11103
8874
14295
4946
342
294
2450
14168
8206
17854
2754
15652
4402
1954
13017
6350
17841
16654
7917
15249
7954
7524
4007
948
11294
9501
5108
5174
2241
17205
5706
17347
17839
1079
16804
19042
19106
1925
7393
11279
2308
12229
1595
964
5024
10795
17765
17767
1297
8003
7878
14253
7097
18645
14969
12326
1125
1917
1397
1449
10787
15979
17395
7242
2328
18971
5493
12408
2440
12311
4983
5626
5601
9550
15502
3680
9583
18829
13920
4866
2922
450
13605
17397
19280
8930
9426
10403
3843
6011
14671
17489
1984
5391
18789
5789
1427
5864
14218
5246
1234
5122
14992
5410
19100
914
13842
747
17639
13502
11340
8593
5049
18077
4824
13725
11008
16799
17918
4150
5885
11906
396
9629
6731
9893
17756
13796
18512
15543
10012
17194
11460
12956
3354
4373
