3343
1261
19064
6700
4205
1188
8315
8620
5910
4711
16403
621
12059
8972
4368
2174
7795
17418
10245
7128
8364
8247
1048
11330
8377
4959
13089
11767
11530
868
2969
2441
7753
5474
13580
14936
3852
12760
11171
9648
637
13239
1739
7932
3780
7985
4410
7766
19593
6552
16
749
8699
9586
18158
4161
6971
8234
3581
17301
18284
6319
7632
5788
9084
8325
18088
6032
2964
13769
7252
8861
101
7168
5300
8056
9279
7225
14076
632
4439
16770
7958
13615
8675
6913
14935
9248
265
6824
9588
14649
12120
6118
14123
10810
10355
5219
12235
19245
5995
8670
9149
10349
7076
706
14058
8735
12075
6508
8392
10296
11475
1306
11295
16559
8287
606
16692
5281
4596
8521
18054
11967
5170
1598
776
19062
8697
3670
8612
14944
2945
13751
10830
465
6701
9619
10172
9886
730
5794
4745
12838
9267
5177
6805
9278
6454
11734
1301
1599
14981
980
15794
12993
11643
6453
13940
8910
4704
8881
3456
3538
5660
10000
4713
5696
3250
12537
10016
5291
6147
3989
6426
9899
9271
10177
15685
16849
6036
6124
2203
6437
359
12477
13447
5304
7839
6534
14466
9187
5813
11334
8752
12556
14475
14931
14174
14429
12694
12381
4534
15160
8017
18113
3423
1130
18958
14954
9164
11392
3704
8623
4260
10088
1872
8738
1116
329
4846
4517
12977
9902
7825
7236
9878
15270
5595
427
6647
14959
15752
3037
10274
6086
4399
13329
2167
13563
18966
13031
6157
11712
10775
4220
12541
7981
13602
5802
1831
2717
13227
3677
6862
3652
8369
1752
5880
9350
5843
14214
7576
5699
1741
4495
88
9762
14714
7538
12365
18746
16416
5440
6817
12633
12957
4401
4629
9771
11763
6685
13249
18645
11112
5358
14918
5460
8739
7046
12392
11313
1012
10559
14200
19140
8239
106
17748
2171
10417
10059
9119
4726
3207
1919
7971
16455
11690
6930
12594
9650
18961
8251
8689
1550
17601
4379
10271
18825
6235
1890
15233
11079
8371
3365
19184
5558
8803
13472
16018
3066
9978
5941
15568
19778
9469
3011
13111
16772
7975
8249
11631
549
2576
587
92
2430
9421
918
1422
18032
12388
11719
18161
10409
36
9772
10353
9961
5183
5882
13935
647
3561
14982
2806
2442
12041
6604
15964
713
989
6478
19491
14816
8950
1320
15456
5575
6236
12412
1404
710
11965
15522
8320
10427
15327
9647
4442
19968
10026
15550
14432
16435
14997
15303
6532
175
2100
1445
18203
16176
8370
5029
11675
178
8149
16361
3756
19613
8336
10347
8831
2846
6577
11106
3013
8220
2707
978
13059
4848
4906
6998
14087
2781
9273
8913
8991
2225
18167
8880
14111
5840
7429
755
999
5144
19393
2609
3730
12434
15760
10170
8949
8659
3548
16957
11728
15975
13730
8822
2467
13718
5791
2842
15791
12243
14084
6413
4105
944
16668
9181
14905
5044
777
8823
3088
17530
391
7767
1727
5099
1643
7924
19460
9987
9864
12301
1253
10280
2799
3893
16936
2497
8615
15020
16775
14398
13381
8182
1633
1484
11717
6951
15692
5583
3871
10616
510
8285
2785
11791
18280
11053
1355
4679
9341
16727
10681
14928
19343
241
13296
9711
8676
362
6688
19228
8272
15767
5867
18154
7188
1830
12447
4215
2829
6699
2651
12201
3094
18806
9796
9974
9533
5146
7530
11449
8339
4919
5057
6171
14869
15280
6955
4380
19825
7941
16256
14978
10030
10159
4072
2198
8537
8834
11651
152
16597
8413
9349
10031
5799
6550
10152
18362
5993
5503
5470
11458
17270
4966
9277
11066
9035
4580
18499
3590
2426
15793
6965
11960
1446
17723
9901
16558
14980
9371
5296
19048
7972
2037
8386
10386
