15789
17037
19327
19866
7245
3431
11891
13004
7509
14414
3579
7316
11545
10125
15712
11226
18374
12656
17007
5236
2537
7733
15973
2922
2440
1490
16464
19306
7447
13389
3919
11981
9873
4343
7332
3659
10419
1648
5421
3523
15987
14468
19806
9735
14625
12152
3606
19216
14777
7749
2477
6720
3459
17232
6295
599
17648
15677
18604
7357
12489
4437
18070
10367
11255
9240
15245
7371
9289
16936
1485
16868
7731
18522
17397
11737
14292
168
19312
13583
12959
16818
10977
10685
12686
18881
6102
1068
16521
12796
7891
1382
1532
13366
2084
10398
19808
906
11250
6870
11943
15633
9338
2120
9009
15963
283
10565
3339
17352
3591
7587
19870
12338
18292
7513
18255
5484
17866
9935
13290
4601
3029
13850
17908
16067
3970
3967
17899
11458
15612
9736
19519
18671
14386
18840
8391
14520
5516
9016
2514
3022
19159
13013
18305
6121
14632
19875
4317
14921
4792
8633
5441
18759
7054
17587
17495
264
14511
10375
8995
5692
9942
11897
19336
11970
17425
6907
5256
13896
3100
2410
12425
3322
7437
14001
1788
16920
18505
10662
7612
3931
13707
18928
3788
12500
9589
8104
3862
7246
8820
6249
793
896
12558
18490
8337
3993
19898
11871
16207
15734
8186
472
9931
10131
5191
10879
4518
1332
17194
7065
14702
13415
13379
12191
7592
16387
9439
10612
16369
17569
18518
11192
1313
14189
11572
9484
17358
1691
13687
6528
10020
5777
16548
15431
5785
7736
18421
761
18900
4221
698
17178
12621
83
15432
1528
1107
480
4018
11807
10022
7329
19530
18271
13879
12175
17854
15456
7141
10799
9018
11010
9618
15860
19769
12370
1695
11777
19194
8713
11723
5108
17331
12609
13084
15564
19845
4420
12681
16667
3193
13407
19984
13386
41
18562
19682
12926
11424
6291
8613
16974
19278
14433
5309
19352
10951
11078
10442
13240
3980
13072
7048
18482
18279
15876
15757
15642
8092
1523
3096
2038
17828
5686
4457
8297
19136
4950
19015
5564
476
5694
12946
13269
3849
18066
3269
10582
7878
5803
10779
11768
1133
11268
4279
10865
140
3165
7655
9792
10814
2918
13224
19257
4090
13694
7049
13168
15657
12311
3412
6610
10279
16183
9652
17960
16435
11317
2181
19442
1402
12218
14089
14325
10453
19890
668
13561
1045
13410
1754
16903
19720
6846
16533
14106
3188
567
19243
18867
13257
1896
9143
9814
14831
16970
18381
18555
17182
9522
9840
11823
18766
18134
15500
626
4265
8767
10432
8857
18123
6872
9742
17137
2364
2242
14295
5530
15810
19755
19295
15746
9944
5604
10330
5318
5960
17958
3566
17251
4003
1722
3440
8006
13650
7681
11422
332
301
12226
14565
17850
13917
2126
11729
13748
4473
8593
13271
11645
689
5645
3747
19902
18952
9885
17573
16944
16226
10443
4092
3631
271
1659
10320
10868
4378
6508
15312
14727
2285
18033
15980
13728
19129
7720
15378
14622
17205
16190
1371
9237
15894
2976
19799
6744
18027
6229
6592
11335
7974
4916
6009
2191
3549
8351
15250
16614
17603
4725
18011
361
17363
14126
6100
17805
18050
7875
1615
9705
7120
13884
11102
3647
3992
15339
3614
6805
17309
15858
17343
9330
13745
5084
4659
153
4755
4455
19369
8137
17285
14590
2169
19281
3325
9952
16885
12782
16453
12739
19108
11812
6482
15478
11369
3103
10886
450
2743
17900
11491
9858
7651
1622
6606
16033
5136
15879
7295
1888
7995
16410
9621
12659
18347
7479
14040
8274
14626
5523
2674
11602
2777
6495
17493
9272
1785
10818
11282
4290
5773
15892
12344
13107
10137
14722
8245
14168
2704
517
8000
12412
15756
12345
13461
6392
19547
10215
8148
4060
3072
19100
18259
6841
9653
2175
19528
12449
13979
8281
18148
5274
18190
9585
18111
16705
17180
10525
3769
10017
17106
19954
15754
9667
1275
3437
5305
19274
10371
6427
2912
5445
14883
2524
1917
10109
3553
19168
19616
19926
2073
2859
5066
4621
17442
16495
6897
15732
7143
11315
7235
19612
7511
4192
10232
19414
11667
13201
11694
11290
1393
2376
12104
17667
14146
17121
18767
14452
3257
16752
10227
4425
9570
14739
3428
7480
8238
8199
6044
19116
5413
15559
19675
592
11056
13811
6540
18489
892
14571
16848
6734
3846
17719
14932
1064
6947
14566
2943
9244
6349
10961
954
2884
18119
15359
4703
5932
14530
8954
9960
2309
9440
8608
6293
14377
10550
8974
17956
16800
15331
19946
11542
9198
6062
4094
3697
10893
19262
3574
13986
11828
17457
11227
5231
15774
5890
4352
9887
14493
6806
3825
5337
5643
11047
10643
15365
19373
1016
8851
2635
4474
17767
8312
12151
10813
6318
4080
19023
14045
19648
11932
13374
2501
5824
7630
2711
11584
7217
16108
9662
89
13678
7463
10434
1282
15592
809
10806
14597
15039
18295
17171
2699
15025
19575
7846
17832
1866
17730
2298
10267
6154
1119
11429
2519
2940
19458
16148
19433
7192
17602
827
495
684
19620
19511
5122
12377
3712
1029
273
10026
14196
12124
4629
17488
13559
13185
18010
13893
16005
9561
4686
16244
2623
9544
908
1233
2384
16019
16284
1996
14359
12521
13388
8527
7774
10758
14963
5389
9249
8296
2221
16654
136
3524
6042
18077
12037
1891
6180
13572
12433
17365
19494
4493
15541
8907
15115
9103
17564
9530
7609
8579
8144
2428
3814
6746
958
6402
1084
15716
9879
19488
12309
2694
18139
11480
7742
12976
9582
6851
4851
11276
8548
12210
8217
3988
19013
8789
685
14842
3508
5878
3618
5349
4529
1789
5269
5751
12293
16149
3729
11666
19251
7197
15172
12178
15731
938
13040
9218
16370
4214
9835
6861
12736
1415
3034
15619
18208
483
5102
9178
12520
10882
9583
14262
15426
5494
14225
12303
3573
14671
432
3143
7959
3077
12376
13113
18511
16964
8658
7652
7931
5340
17270
5307
14900
5612
18872
17965
18786
11180
2841
19974
19558
839
3835
11241
9656
8937
16779
18700
1700
19000
1117
17816
7650
11229
18097
10455
4946
12536
10220
8162
19656
11946
10897
11959
12631
9031
16910
17388
19161
19399
9654
9168
14548
11375
19193
13468
12956
19534
4765
610
134
10346
15808
11691
16311
12634
7082
1796
10406
16072
12645
6626
14546
2984
11810
18075
7900
12671
18263
4446
15785
9995
13161
18732
9357
2086
6578
15616
11633
17813
13114
1041
17527
16053
10034
2774
2467
2725
17929
9986
15083
5544
9089
9492
10354
212
1713
13203
10195
5319
5332
18296
10304
313
6119
17169
18275
3894
13327
17133
3358
6310
3314
5042
9881
6755
13264
753
7389
6966
12358
19726
1474
16482
4550
11989
19515
19482
789
16924
12517
4855
16391
6584
18105
17103
4675
13303
14914
1663
13514
11353
11364
16789
6970
15673
16199
2220
3636
19857
15243
11901
11527
7444
7928
4752
15634
7627
10638
10239
13875
19431
5865
8821
415
19456
7723
4713
19096
17093
238
7862
890
18789
10281
15513
15829
7216
13396
17571
2936
7272
10473
19971
16327
11440
13512
19248
16143
2328
11790
3723
11773
6948
19544
14830
7097
14723
11145
9918
6997
14073
15183
14366
10798
10063
6428
3466
2869
13217
19738
2814
15099
7241
17088
12087
11481
4487
7871
3946
11583
13260
3007
6849
14588
7764
13663
7656
10093
5285
7937
223
8302
6342
16264
13229
4104
12608
6633
17902
16438
6274
7208
1312
19604
1563
4821
9443
12071
6867
1285
18130
8876
5560
2034
9726
8550
11926
16237
13691
4929
16500
13129
19386
10598
3534
11105
8712
13787
19204
13450
6479
5503
9534
12061
5919
6878
7254
11928
10019
9565
6580
15903
591
513
2622
353
10027
4449
17916
5985
719
14245
9765
18979
10741
856
4954
11469
15837
4226
9752
16906
8154
1318
19650
8339
8174
15979
216
15962
11986
17508
8099
3065
11254
17034
9453
15833
8788
17297
13824
3400
14269
507
9070
16517
4998
8216
6106
7353
3309
5358
15230
13696
13534
12867
18260
3213
2187
3752
5571
17796
7383
7
2972
9208
14587
11362
9358
9437
9601
18211
4775
18524
654
17176
7277
17266
10414
18727
9133
13047
3378
8837
7919
9764
10409
11814
5651
17546
9658
7270
16434
5606
5577
4475
10871
2811
19317
3442
1718
5729
11947
2903
5614
12543
2394
13852
2624
3996
17876
2560
10213
12408
6958
9008
4245
2578
7402
230
13317
9626
18353
8598
17073
16406
5336
7714
7527
18166
19748
9859
8498
15391
572
18629
15113
556
13094
16803
17028
13458
9442
1224
4240
6573
8802
13653
3916
12216
13949
6420
10724
1753
6835
18862
4877
12154
17851
3061
930
7772
19934
19913
14091
2892
3225
4292
19631
2952
10481
972
17170
2652
1025
8121
1019
11043
18672
13813
4578
19027
4256
3583
24
10847
12864
2199
5046
19881
19057
19999
4779
16615
9148
10929
14369
18491
11775
13305
11048
9663
7683
8888
3406
6417
1903
14139
3639
14502
15913
10548
14176
14929
17346
973
2063
8408
18062
18113
17154
2020
7504
3308
15437
680
11256
17050
6649
8291
918
19669
13892
15040
16283
15652
15117
2359
7525
9042
1295
4150
6919
9073
18431
5603
8132
5414
884
15435
4227
13529
12701
6263
16661
7710
8226
1570
18764
17862
5501
15485
4646
2586
11347
10260
777
18754
2747
4503
17130
9816
9328
10042
11642
15589
9649
19280
1504
12589
19173
12740
2101
6891
13195
8549
263
11908
18585
12
3384
5279
16150
4625
16999
18056
5423
3097
1991
16224
13566
7498
7728
4918
6355
14404
17833
18419
1540
2128
17217
10016
6181
14888
4980
18404
2168
14693
4539
10875
7471
16480
10301
14000
7419
5257
1683
4723
8001
1378
18291
14352
6747
11162
16756
12477
19233
14560
5638
18665
18300
17029
13911
17409
13664
16334
19900
16277
8652
18342
16674
14426
3209
7395
2634
14926
13131
14558
5504
9543
17470
15037
1818
11403
7667
14644
13655
3045
16619
10500
15583
7699
8164
8587
16950
19657
1621
12762
16006
55
545
17128
14956
12487
18594
18658
11672
3413
3184
18845
8793
5371
9091
10756
5250
16310
10144
4228
6404
4351
13955
8106
18465
1747
5189
16747
10146
10004
4085
9844
260
18733
5721
11455
209
5462
16173
7342
13987
18559
10763
7712
17144
15449
3529
10545
4651
17607
9954
16707
19824
3501
15717
580
13569
16444
17891
12388
19523
3761
5683
620
12360
9775
16921
7266
3108
7607
2785
14618
18428
10546
18749
4052
16298
15151
7427
16743
18953
17226
1511
4319
18357
3673
6189
17731
8177
6156
13980
1902
1430
2620
421
16472
19830
10233
1036
14356
12565
19316
16263
12935
12964
2575
5959
15333
3380
8209
18822
8813
16218
4315
1222
3418
19371
14446
8528
19642
2179
18532
17395
17127
12983
3801
15924
8677
2907
17296
18122
13237
18183
16221
7801
16174
15297
5
8276
555
14505
13991
5011
19585
18163
2673
3643
10995
7990
17875
11096
9837
588
10373
19106
2951
2451
11140
15930
16857
6113
16973
7021
13842
17728
15553
2997
8444
6007
13098
9825
16395
17742
9540
2162
8414
19008
17181
18321
14908
3338
5202
19782
3843
1850
9781
13974
17341
19047
17925
2004
5329
11721
19446
18152
17853
17738
18269
14157
16581
3621
18549
8670
19459
9007
5819
17621
9552
7584
7551
8986
15719
3216
14527
2180
19861
17460
5759
17265
7580
5432
6717
15527
18716
8872
9451
10530
4893
3926
11736
813
9019
19640
13867
19988
10992
18376
15519
19423
15146
14478
4130
10136
19093
5397
2269
7934
19605
10009
9013
7506
1874
16923
8015
11536
8592
12211
5415
6962
4876
19121
13638
15299
6886
8128
14476
3467
13674
5486
14705
4992
12707
19595
4030
3543
9884
2646
17688
9612
5396
4038
15440
18512
13923
6199
5968
7751
4386
13465
17118
14973
10436
14086
4584
4676
2397
17052
165
17469
10064
19377
3342
9614
12171
3354
13784
14575
8263
16090
9044
14605
17100
8366
15856
10849
13966
7793
270
13375
3320
7086
1836
7307
16054
8256
4418
4364
6597
11998
633
14989
5143
16948
6111
4057
13888
6179
17480
14617
16708
11580
1245
19153
14205
8915
15271
1274
8963
16695
14370
10395
12903
8227
5398
9684
5235
14434
3476
6666
10541
10416
10514
3798
1238
2412
1181
12616
3576
8859
257
9759
12333
5174
8511
3624
5551
13705
9723
5293
6940
3615
10157
16979
6195
6710
12630
1662
3236
15213
3404
1784
19658
4409
9175
10940
1905
19238
758
7035
4311
15197
7618
12491
13537
18078
12263
8165
1790
9687
19597
13244
14603
11771
16386
19236
1205
12887
14602
6312
12512
18394
17703
10803
13291
11273
5351
13272
19531
17403
18265
19349
10750
11215
9282
18395
16086
1934
6025
1710
19716
5847
14539
11722
8710
7668
5246
1121
6625
2075
5711
18679
14375
6840
3301
9719
9854
571
13118
6885
2478
2714
1132
4965
4909
9420
16821
4913
12764
13506
12234
17662
19029
17430
5461
18186
15004
10965
17083
19107
6641
5578
8928
19885
15222
3713
9350
6275
19252
2935
16257
8225
18468
17938
17940
4508
16655
9566
19126
2387
7518
10605
2579
4143
6451
7486
18101
10387
6449
637
8133
19313
15697
17306
14591
3289
346
12540
15475
7783
4484
13184
10727
6513
6178
9160
7770
4108
3995
17717
5905
5947
6443
4125
9427
2780
11014
2724
6521
13166
7041
11653
1330
1362
10135
10290
17656
1321
14276
12607
15668
756
3965
16814
9996
15442
2074
10066
6163
6568
8432
3256
4387
11296
6292
12417
11652
16586
17290
1736
8072
14233
6471
5142
18896
1003
6015
17104
12170
1501
4244
2324
9256
6844
19989
15228
3153
8586
11144
4262
17642
1360
3663
2593
12045
5355
11830
17634
16959
15397
7648
8993
19454
1583
18762
18284
12640
11023
5641
18140
14194
903
1833
2929
14849
16508
8400
8930
1197
18209
18102
1536
19789
959
18013
19425
6016
6183
11127
9780
18519
16567
10585
10714
110
6594
4264
16429
15739
11008
18717
7308
7089
16839
1190
7358
14721
14112
3159
5301
9512
11700
899
12324
10884
11979
10431
3122
243
17489
12933
4122
10498
3018
2331
7237
16938
15881
10896
522
3937
9797
5845
2313
7917
5391
17411
12994
19201
14424
14994
4804
14962
8657
17545
465
13079
17511
9800
13524
13502
12451
7844
13616
19495
17755
16168
12509
13471
16427
4506
5667
14661
18595
3337
14057
17319
4593
1889
2345
19042
7817
4077
15674
2879
16497
5368
6072
18734
14160
18613
16021
9911
15866
15156
8201
18297
5282
4924
11020
1759
12953
17529
13795
11109
2135
16714
5613
8531
4294
5592
14141
10922
6054
19664
3604
15708
19780
1046
1320
4824
7426
10259
7524
9832
18751
7554
10055
17241
13192
1390
12248
15502
16355
3693
14128
837
12874
6407
10595
489
1383
640
10284
19127
6581
5885
7085
4177
3778
4002
4500
6739
7229
2898
12296
1323
9110
4613
16738
5642
5984
7355
7914
16769
17082
595
19784
6278
17808
9519
16730
17379
19345
19499
141
9527
10188
3389
8074
6269
17606
11746
6384
14155
19059
1910
197
16899
10482
14620
15394
9676
16648
1017
14395
9288
6751
13613
3075
342
11081
7925
15857
9611
10718
17915
7388
2010
11301
5125
12548
17429
7635
2857
7969
12058
6192
17328
11845
18435
9697
12209
13091
19680
3879
17386
14014
7282
1418
10486
1650
12445
15201
7462
10347
3371
11785
19739
15629
17156
17080
181
1702
15819
176
5442
6028
1752
16838
11009
4515
3758
1407
4521
9777
17124
18387
18202
2994
17520
10463
17005
16340
1585
16000
3545
19406
7166
5634
7758
9499
1200
15422
7257
19788
16488
13792
4338
17057
6011
3407
1776
14675
3680
9300
13334
638
11387
7365
2709
1701
5566
14965
6158
19543
2974
6724
1480
5024
14654
4520
18797
16217
15027
3822
3661
13929
7679
6311
7549
11341
1693
5540
16566
9930
12886
1706
3445
19390
18949
1933
10792
4417
13827
11046
18273
4820
14573
1010
4712
5891
1183
9741
6722
11418
9643
15415
16436
8508
16625
19018
774
841
14801
8145
6024
10184
6214
12497
9010
14946
10717
11163
14761
19157
19138
2056
9406
1687
17872
14311
16413
8223
8257
14326
1895
16829
2853
11501
3819
5166
17945
8290
10873
13277
13056
6343
19066
9394
11249
4322
2741
5666
5608
12327
14585
12535
3019
6431
9384
7177
2619
2145
4000
1435
5831
9326
1641
11940
7625
423
16301
1215
13810
15969
14708
18329
8737
16870
10576
365
10505
2805
11574
18204
17736
424
10002
14428
18214
10580
3313
10747
11039
13753
1173
1838
6353
16242
15545
3349
15563
5493
5439
12325
10396
3622
10100
8896
744
6838
7250
1234
9516
11200
2087
8011
9946
7824
12795
1359
9204
474
9316
10791
16556
11338
12730
17756
13472
10671
17239
18513
9369
4111
12288
6228
18449
12419
2347
13633
2636
14966
7647
12878
3147
15690
12949
4900
10932
9513
2970
15920
1655
11086
721
7077
14853
3176
12073
2098
4142
6847
6150
948
4429
4402
4204
10247
16677
13542
14807
15455
6224
707
316
12393
18674
10931
17840
2408
1278
10201
3833
10415
14785
4416
13086
15270
9836
4300
13712
8396
18213
13890
244
6200
13990
1299
897
11538
5266
10056
11142
8874
18388
1348
1079
10608
11437
18534
4488
15207
10657
4744
11385
3477
4411
13284
13154
11994
14998
5966
7255
18061
4458
13963
2916
17962
6924
17638
19583
13971
11026
2734
947
104
6834
8992
10984
2689
3492
14422
15726
4472
3966
11267
3455
17095
14249
19156
19879
2690
13513
17620
12127
14679
5901
284
15045
11888
11450
10345
8779
18333
7991
18053
11070
9412
4476
9210
10735
13938
4526
7634
4857
2354
8160
200
14687
11881
1076
2341
7944
18876
18539
10785
4282
2546
17741
12332
7105
3774
17421
988
14691
13778
18003
15178
3435
14868
4053
15526
19922
3070
679
451
9688
17065
1043
7941
7446
10650
1433
5655
939
15234
11772
8671
14767
15424
2437
4270
18885
294
12300
9488
11131
1593
8442
11831
14477
19660
7600
14608
18985
19183
11619
8663
19170
3932
7533
9199
5569
20000
7450
13268
1427
19527
12397
14969
18017
11265
19443
2104
11954
7420
16234
12979
13576
16145
7091
2057
9804
15816
6360
10978
914
5805
10029
12666
13649
7377
8249
2471
17275
2367
19677
4048
16101
3463
18869
9434
13701
17286
5781
4495
17437
4831
3600
16993
15132
17575
7366
3973
11174
4470
4168
15238
9370
19493
4096
18914
4896
9069
1067
12213
14255
16798
5103
11581
8914
13760
14706
19614
1741
2682
17647
2950
17658
8666
12109
17961
8087
9509
14327
399
279
8938
3399
8786
4656
13847
15101
14042
1267
2888
8443
16675
6700
8478
16184
3291
1087
17993
16686
8156
4657
12676
17271
13604
6345
11713
4093
19536
1326
2489
8996
11083
16251
10435
10072
16953
7845
17629
2307
4926
6298
12743
5991
9508
4795
13667
2067
10588
9664
17326
5317
14482
14341
14115
14094
9291
1900
3059
12102
16365
374
6294
19457
848
16359
6511
16363
1105
359
13302
6740
4867
1097
16719
2512
1717
18722
16442
3766
4522
735
3514
15637
19953
16496
13008
2598
2319
5553
644
7848
5974
11485
10690
9363
11297
5879
13167
19785
6541
636
3376
8452
623
8497
12829
16925
11638
14027
17619
4408
18829
19191
5467
2563
5750
9046
13038
397
13771
5565
4397
12420
15665
14474
2182
9909
17125
13377
14184
10802
17883
7104
9241
6927
6139
13200
10730
2971
4069
15702
14013
17392
9022
15218
8823
12130
228
407
8189
2320
10221
11555
1392
3186
11963
17272
10503
11068
18644
16590
4614
15664
18561
6569
5814
8089
602
12065
16397
13106
15931
8988
9515
2375
11733
10413
12617
11905
15257
15266
14582
16058
8777
1786
4944
6942
7231
18593
1367
18854
5263
3331
13858
1322
4289
13913
11499
14645
5187
8316
3001
1083
7134
4379
10584
9320
12840
18880
1813
8944
6650
18086
15041
7280
4681
4398
8922
17894
2996
2070
321
1489
5822
172
14033
15324
18768
13926
11811
4531
3783
8402
17293
16690
4745
10438
18493
504
6350
4431
10615
4348
1954
1829
4029
18653
6456
13950
7971
12662
8175
17786
13021
9900
15893
17969
816
6937
15934
16697
19356
4271
2523
3368
3848
15215
5998
19932
4510
9734
17438
7242
767
14584
6191
19049
14977
15303
2372
2569
19607
11173
2193
10989
18929
11269
13281
1059
3170
10737
11882
18413
16115
13560
12098
8819
12017
15125
9169
18087
8784
10218
8685
19910
13951
10211
39
19055
10134
4213
14030
7642
15988
2033
4897
50
3367
13216
15348
12501
10289
6548
9938
12522
363
5183
13788
5741
6935
4972
19304
9352
2862
5640
12347
6933
15852
16623
2083
16210
12861
13360
10614
4377
4991
11623
17780
2099
11590
4297
4415
7190
4986
5579
2273
4583
15162
8729
8650
1602
16012
11176
457
5255
1945
13259
5599
7519
19361
5896
5195
4432
15177
7516
7067
8943
3271
1494
4367
5206
5092
10158
19338
8754
16469
7122
15536
12551
12268
18016
3032
12476
6194
13382
16392
9239
9936
4236
1248
1401
10392
16546
5109
19492
15943
11165
4373
18248
2030
18605
823
5360
15543
2461
16592
11925
3873
390
16863
16665
15187
15953
11143
15627
9391
8791
9927
19775
19473
15093
8493
15157
8539
18253
11414
10914
9311
16161
14952
18775
14463
2361
18390
8090
9730
9171
16421
3530
15722
3502
681
3689
7617
6737
7760
3244
12453
4604
3024
15340
4774
2143
1955
17420
13413
19331
19230
19477
3345
16270
14024
2389
14534
3189
14379
4966
10285
12702
10361
5710
11024
15992
15212
3265
877
12503
12379
10948
18802
5023
16760
11880
6374
2911
13318
3599
2238
14521
2308
1627
1231
1577
8720
12555
8206
6340
9598
2909
7334
17772
6506
15777
12348
185
17055
15364
9737
14640
13516
3081
14832
13068
19589
13520
1755
7424
10586
15023
1406
16411
10795
6077
881
17666
11
8196
6098
17361
5719
6925
11432
2476
11648
15349
11388
8035
18201
2002
8178
15191
7589
3175
19807
19827
14181
14742
16956
19945
14200
2445
6499
15433
11634
4764
16306
17978
951
8639
12962
12572
7851
5950
14677
5247
12400
5628
6791
126
15607
14939
1821
19397
19133
8204
14301
19056
19155
3601
17887
17807
11178
16262
3803
16629
18788
1250
10127
18084
1777
12989
16989
13350
7110
10787
2781
1020
18160
2693
17193
15696
18723
14265
15152
16808
19437
18610
10108
1135
13876
1907
3809
16856
18776
9584
12539
2577
2793
18832
13920
14646
804
3978
16066
11218
6354
8558
18309
18777
9296
17615
18753
12910
19557
6945
1141
13454
16394
2438
1573
14333
16604
19698
8507
9225
8562
17325
3169
16419
13970
9847
7015
19286
2291
7234
2737
6825
8188
18974
16873
19510
17295
12742
19061
18352
4702
8253
10578
3551
14438
3212
7378
1719
3686
19357
18359
2116
14770
5837
18022
10713
17126
8122
2088
3688
12367
14757
10421
5511
13557
17824
10663
3432
14470
16449
1376
1666
1664
2965
17376
15072
2115
15110
12696
5085
17918
10190
16208
2358
12870
2967
4170
18324
16541
17410
7081
13783
9251
15458
6869
8019
1984
5581
10061
14782
8345
15552
5192
15888
2090
12238
8462
5058
1310
11242
5455
14796
3180
4634
12982
1120
3020
7913
1519
8898
4342
17963
3394
14135
19537
14035
6854
1520
16330
1925
9559
5128
3721
13933
5693
18938
11294
12427
6441
12030
16374
6855
19098
1610
12407
16338
2065
15309
12271
2079
239
18990
2715
4647
19380
15824
19847
7020
4739
17064
6681
11587
18971
8062
18523
14472
9236
11028
7922
10938
2025
9158
5294
3141
16834
12371
13605
3121
7002
9377
6375
4439
4419
4989
19733
4644
1455
956
19089
19588
9150
6778
10071
17734
9981
3753
4184
17424
14362
15223
2051
648
10937
15897
1
16049
8858
11774
12083
8595
11904
9826
5853
18926
11316
5620
14559
15468
3142
10768
975
177
7476
13142
16008
11902
7185
1797
18460
37
15308
11150
17444
9770
4248
7289
19030
875
2502
2411
8553
2930
4562
13017
10979
6664
593
13493
12832
1040
7103
8708
3434
14759
17443
17167
15991
13719
12924
8899
5356
1049
100
1189
14639
5661
10985
4973
17152
1668
15721
19509
11712
16390
12141
5297
13498
3294
3266
7112
498
6614
12598
11951
155
17563
15618
11324
16003
18349
3336
12295
3171
17991
18037
9733
11299
15736
15411
18036
18857
4450
11892
8143
1913
16385
14535
1028
15525
6107
9925
5366
18232
11040
10831
14412
5022
6283
4661
18372
5106
7716
11613
17535
2368
9379
1369
12144
670
8202
14130
15820
3410
9903
13698
2783
10510
17366
3750
12930
12436
1949
5517
2211
9523
543
6953
8768
13931
844
14253
19123
17458
14229
2097
16815
9729
7187
9731
9969
6470
9382
4670
13285
7363
5701
1569
11132
18172
1466
435
17148
3968
1269
7557
9460
8431
222
7696
4866
18882
9501
10618
11605
13275
1447
3700
4268
1822
3420
330
49
16040
3791
12899
1397
10325
18631
9449
9220
7677
15840
7309
15467
15574
10834
6371
1855
17452
12851
16983
15204
18131
18520
11521
6564
19904
14811
8807
1571
14096
10069
17684
13230
7111
16995
1616
8787
8157
4768
7189
9095
2200
5938
19522
2224
6376
7853
13448
14256
6363
10519
14524
11915
3924
32
4691
16986
16302
2574
16971
15946
16945
15823
17909
9689
16897
1993
18818
2036
16807
16105
10909
10607
5017
19765
19151
9717
8097
17740
9892
398
4198
19416
6524
6934
9447
701
10167
5971
2568
9174
5601
3568
3359
8397
14736
190
17107
7005
7123
6782
12936
18161
12693
19362
12474
14439
10164
8479
5817
7785
6877
11279
19348
11221
4035
3403
17149
7756
16061
603
6758
2344
14459
10660
18600
2346
2558
11982
5545
17329
7040
4635
607
14302
12292
18502
468
91
12618
14828
3823
14857
18744
14815
13952
18724
13558
5827
12973
13785
9458
10807
10631
17001
13347
6500
18246
7202
12040
15084
17657
11563
8629
16498
10246
6803
11539
4134
16281
2209
3683
4339
17099
13796
8197
6901
11224
10536
508
10476
3362
8101
11034
11154
3177
12359
18410
13023
13547
13125
2998
10743
13444
1381
18823
18859
19542
9794
10300
11460
17574
11248
15968
2042
4581
8230
3676
19539
9255
18135
12544
10012
14860
12382
18633
142
8725
2155
4362
1395
12992
868
17768
15180
10804
18484
18552
15699
18068
1409
14479
19798
16905
14334
10162
11123
8384
10746
19599
14718
18169
7403
15062
4459
6566
19320
18147
13543
3465
12812
4947
7932
16785
17668
11684
8453
2885
11103
935
17778
4757
11312
18175
10781
3770
19742
16525
16552
18146
5586
3118
5969
9226
17432
5458
17691
8956
14068
3649
6936
8342
3388
15416
6327
9058
1391
2675
16799
17984
8717
10008
3582
16271
5233
9475
3284
4127
18804
17974
11271
18652
18073
12695
13530
11138
12592
4266
19750
8627
12758
2663
14953
14933
2787
2001
19606
5449
18850
3102
2719
4223
16103
1142
2543
10038
551
15082
4859
6142
8868
14394
2739
17771
5549
6244
10410
15404
12043
10424
15643
11446
4782
8607
6527
258
7669
822
10048
16
14204
7207
6104
4440
4535
10676
5543
10669
2399
14781
15615
17743
1613
6208
7012
4575
3195
5412
15745
13116
873
7575
16748
12922
16560
5339
15181
12229
17110
11547
10936
17751
5377
6337
511
5559
7341
19501
2434
5027
19021
9117
5090
7314
18745
1153
9132
16751
15730
2941
16532
747
1614
7288
1482
18526
13932
16182
3042
9753
780
17519
7823
12314
15169
13074
13734
1688
17803
17078
9259
11072
5240
5346
15507
12232
1055
13245
4962
9948
16457
1125
19915
11336
17347
15111
8936
5860
1582
99
12699
7336
18890
17580
12508
2415
17245
5290
14554
1609
14347
9049
1193
12110
8307
3520
10452
12928
6481
17081
1875
17911
2594
1595
17393
6362
17053
17537
9036
18916
10225
19139
15143
1315
18834
13481
5238
1535
11793
4041
13759
7692
11596
14911
3832
10894
11409
3398
14443
10494
2957
18514
15077
14192
12159
11754
17585
12531
14206
7856
15493
895
17568
8387
12068
13752
5062
4525
11198
15788
12952
15285
1394
9216
10006
11202
1372
16940
11509
9470
6515
2427
7394
16216
2882
16059
8815
9724
3450
5226
1255
16682
16036
2625
9468
4195
2696
6673
16750
17565
8324
19992
386
8357
10540
16295
10835
12777
9090
3629
14726
10107
19927
10342
9432
8635
7583
5506
17706
7253
17056
11002
4608
2495
17652
11987
7978
10796
3550
13677
13207
4438
566
1156
18145
8203
10752
18645
17775
10901
16599
16569
13069
8517
5073
17749
10822
12774
8279
9137
5864
6035
8745
17477
5436
1852
6452
14343
10517
4478
17049
2559
389
737
5049
17906
2659
12579
17549
4827
14218
4902
10587
18611
19474
7791
3267
1870
11794
11482
8827
2233
19850
8240
2706
12270
8832
18588
8897
19154
14316
18032
11639
15682
396
9155
19287
3533
15720
13014
7487
13304
10116
14970
16227
9433
16502
15630
10377
17369
13984
19621
10634
1254
2380
15947
3537
5446
1300
874
9564
12714
7382
11340
4652
3273
16076
7721
806
4536
6813
394
12723
2455
7180
5818
10223
8374
4486
6821
5207
6304
19568
1575
16539
14729
4116
810
18675
9807
3259
19502
16990
12638
16701
10625
12182
12550
15343
5876
11629
5826
12904
5077
14400
17350
6348
10356
9749
1058
8926
6255
3868
7912
6923
14710
17659
11240
15993
19213
2330
10397
5172
13837
18893
7315
2044
19949
18898
835
13215
8967
17842
16909
487
13357
6582
1911
9857
18637
16002
5872
105
12670
6642
13312
10111
13441
635
124
7084
1732
15033
15560
13406
11833
2446
786
10466
15030
4996
11631
6593
11037
2944
2588
14023
8208
2987
17467
8636
9989
7034
7535
4710
16439
13083
334
17479
7298
13853
6125
14712
17708
16896
12595
9234
976
4928
7256
13082
10712
4546
11055
5509
2032
15249
10360
18496
12775
8610
2207
4254
13525
3084
12939
14210
3491
3340
6800
19925
13076
13688
7050
18641
15847
12914
17669
17204
4983
4448
15322
5765
3503
10568
16423
5184
18790
15102
14198
17754
3805
10776
9579
4836
15119
1201
14399
1841
19024
14993
6902
2197
5287
11952
19069
5588
14985
11193
4017
16285
17765
18554
19297
5715
10533
9965
4871
19444
12798
6627
9471
12097
666
16951
4309
19011
2483
6391
8698
7748
16504
13800
9713
4936
152
18272
13981
6491
4020
11405
7393
4243
4076
2813
14892
10475
8340
10207
16303
15784
13126
8900
18480
13411
10472
11942
6332
9283
2292
4354
13539
18537
1819
8013
11355
11286
14183
4136
17308
5020
12881
2258
12641
10238
12745
1148
13686
213
19513
6498
9264
8273
5060
13866
14945
3364
12188
8797
7194
10749
929
3085
12461
9629
16010
12473
18558
9200
11950
19374
18354
7500
18980
19460
17164
3307
17644
19569
10658
11427
9595
19470
5150
9886
16664
3540
6043
7339
11467
16620
9690
2360
10178
17482
2276
2246
3784
9464
18055
14915
13243
10085
7368
17406
16912
5438
12799
5744
18696
3272
10155
3211
3672
4224
16997
18110
13352
19205
3785
13725
17471
5725
17844
14711
10402
17506
12202
15482
1879
16618
13043
8776
4066
13063
11483
15329
8731
16433
25
18976
5051
11157
13434
5419
3023
10244
3411
13519
19820
15758
2627
13865
12155
6494
14615
2484
13822
9494
6943
14294
3447
8690
8565
13440
2595
14918
11206
15843
11472
5126
16833
5884
15436
18821
13346
5443
12423
3706
13767
16768
5626
19552
16804
3804
5361
17705
19224
17998
17834
4806
7815
9463
13222
17163
2401
13905
6514
1281
12941
10359
17238
512
6519
17910
16307
17385
4355
5894
6801
2791
19031
2339
4176
19220
11534
18392
1463
3891
14863
677
12183
19541
11397
4044
15461
13733
9660
11703
13045
9718
9681
14732
11204
15573
2082
12031
144
8522
12678
18000
14885
16545
2137
14744
6071
4454
5180
4024
15344
12223
17864
18313
3120
3157
18801
10148
4028
3554
2792
16992
6223
1971
6802
13133
6964
1579
11352
6543
16323
16091
7602
12319
6560
3210
5230
13286
18005
840
312
17673
2450
2421
16754
15232
19578
6029
10451
18676
4391
5417
10046
19714
6236
13196
18607
19852
1897
14353
943
16647
3430
19696
18007
14264
13680
18973
5688
11852
5691
16787
7826
3105
3952
7730
9125
4932
13997
15695
16122
10629
7664
8734
13170
12998
6713
8259
8300
2480
2658
6110
19793
9371
11293
4215
2672
6432
11401
7776
4796
8905
338
8971
6797
16220
10091
19792
19130
12140
4872
3682
13324
15939
3670
16030
13851
9833
852
3558
17935
4834
4164
3089
13425
1497
19772
17948
5647
19468
17476
3485
9897
15465
17136
9994
18915
16193
12328
1725
14436
14992
3402
542
15957
4207
14416
6975
13099
12138
387
10944
15423
19962
17334
12564
16125
11264
9012
4323
2827
7464
5525
4219
13309
6549
9809
4196
14029
18235
11906
14268
13330
2513
7979
6220
17047
10161
1517
9526
2026
19314
15317
14543
16879
2237
4201
3168
18584
12900
13738
10273
8951
11231
2370
2860
18650
183
2989
728
12066
9714
2102
1545
18958
9134
5390
6485
13214
5928
11303
4862
526
3620
11094
86
5993
10363
5873
3569
18780
11992
15906
16514
9401
15614
15531
4341
4805
7439
4102
14824
7163
7644
14363
3878
19065
6315
1589
6761
18192
9830
17826
1006
901
4
8163
6457
16721
2289
3436
16793
3421
9304
9550
13956
11939
6731
3078
13862
13716
16729
12494
12352
12145
1071
14129
12050
1277
3799
18632
13624
13815
19318
15608
7384
861
19731
11662
1665
530
17779
1152
13777
10014
6421
6030
9573
945
14964
9064
18666
4861
17859
1476
9675
15488
10504
8169
17278
2095
10348
17323
11804
6439
15517
14162
13732
642
15838
15314
13232
19868
11027
7385
15828
6153
4479
4346
15089
9261
6772
10050
10219
15648
3472
1862
3248
14475
9426
4174
15159
548
16820
9250
8934
4683
9868
9715
6655
8604
3110
1294
14346
19355
13145
5098
1405
9760
19880
9547
888
3909
15277
16589
15225
67
1774
2701
14307
15617
15387
18701
18912
9183
433
3641
2481
16113
11406
7762
17523
1449
1431
1503
12126
19709
9915
13684
18551
8003
8966
9414
1453
2927
13770
6995
12024
14561
971
12692
10621
11184
12439
6574
229
9383
19383
15813
16077
15533
16602
1750
5137
5380
14758
6261
16047
6595
19441
6171
4895
17262
4327
17727
8373
4911
4414
14487
2732
7154
14533
16238
17394
17822
17733
7421
1524
5706
2043
864
5856
16096
19659
14007
1840
6128
19811
13975
19275
3650
14239
15460
11689
10800
11101
1235
3254
15591
5209
17289
3128
1422
1345
5548
18081
17461
17465
15649
19265
2157
5146
17228
7370
3268
10957
4789
8305
4124
14360
18678
17639
4424
3858
7153
9704
19759
4611
3794
13210
13037
17316
16241
11408
4798
5913
19150
3451
16988
6084
7080
13238
11284
12384
9839
4910
6981
6502
8842
4435
660
3374
16491
1853
19038
3383
10564
4405
17280
12960
15226
9285
19587
12805
16657
14927
9280
9893
7537
3913
4935
2506
5870
10911
1297
4724
6876
9791
14551
6014
2253
19591
7490
586
6063
3126
3911
9368
19307
5379
7133
2802
1533
18748
6400
4407
16228
979
1635
12195
17818
6262
18109
10881
15081
10825
9606
17921
10661
14997
18998
8647
8805
2666
3710
13627
1856
18180
9000
4767
17610
18270
19081
2824
819
16930
3422
8180
19905
13248
14052
14912
5745
7861
16119
16740
14137
17249
14497
4812
12725
1270
13977
231
9014
5370
4153
13724
4106
4666
4178
15384
14304
13103
9983
4202
13886
13475
5033
98
4065
9710
15942
17412
19955
5877
8617
2153
3602
19277
8191
12107
16481
8221
547
15605
17312
16718
13267
10632
1772
13002
7335
15122
13838
2678
10194
19981
4163
17841
19997
9628
14132
11084
8969
672
18800
17933
17745
18640
15179
11511
15804
13263
9077
1538
18988
2873
1477
4568
6864
12834
5767
12134
11862
14095
17695
19655
19596
13636
5148
5809
5743
3414
3098
630
11681
9623
12346
12727
17422
10883
15217
13431
6865
15578
14495
765
10217
12680
6231
17367
18720
7150
10280
18706
6226
8198
16553
3923
18628
10534
18194
3392
14365
14881
13308
560
4598
7433
2215
7375
13832
15417
7684
19305
5373
12401
1973
9452
4860
18564
16576
6416
17384
19118
9242
1421
3136
18125
7338
854
1185
14987
11018
843
15190
14458
13964
15373
6932
12625
12115
7972
15811
12728
12478
5665
3838
7022
6367
16810
1551
2422
9212
4141
8314
4145
16797
19963
19803
9766
4267
6140
18781
13197
9747
8749
8470
15769
4802
5846
15229
5387
1858
6750
8978
17484
10357
12000
2928
1798
4563
1711
675
12133
4063
16431
14039
924
4695
2667
5410
1298
12432
5118
17881
2424
11417
1239
2140
3474
10489
8824
2340
10149
2671
12567
15444
14121
8618
19579
16736
17586
5654
4961
994
1272
12415
6809
5088
1929
14175
2272
323
14243
13435
10092
18457
5514
15060
16328
14562
14116
13763
3969
1094
6339
15002
5527
3125
19914
19944
3856
14234
16564
16157
4988
356
6265
8726
1500
7628
3787
1931
13249
12657
1403
8327
17075
11141
9292
17108
18999
3050
11376
15094
3935
604
12672
14309
15787
322
3979
2332
9535
19385
3427
14417
11488
2508
802
898
11383
7693
19837
7834
14185
12934
11128
15882
5825
17045
404
11898
16643
15542
15306
4467
12326
9998
619
18307
3443
3933
10173
9966
16570
964
14065
5482
8654
3653
7454
7591
461
16092
383
12655
5600
10471
16565
17503
14473
10132
1959
51
11349
1015
4533
2854
13398
805
10258
4465
18995
18838
16982
8283
10070
18835
13467
10782
14421
14308
5096
15554
4671
16170
4678
1508
4444
7948
9536
7790
19787
11099
14882
6555
19707
3938
9286
8742
3127
14525
18638
16299
11114
354
375
18184
16713
436
1180
13212
1876
17069
7882
5179
10343
13315
2801
7963
11958
3039
18427
7029
18874
26
13535
4126
7688
16653
18361
13449
17122
16154
4509
9963
6729
4636
12374
10288
17773
3844
19358
11588
6096
5739
2553
14701
9441
14536
15408
3880
7870
17949
14282
10613
1262
3584
19761
12732
13442
3660
17399
953
215
11565
9815
422
19086
12176
2664
2803
1723
17873
18946
10689
11059
8214
3824
5789
6677
18590
1145
16321
8624
9429
1525
8596
19865
3321
4888
17977
1258
15464
12569
15711
1280
8066
5251
19401
19741
8158
14958
3429
1195
18393
12105
10522
7711
2350
3224
1642
18704
11620
11201
3199
16236
8487
14186
15689
12430
4007
2712
4252
6978
19259
7977
7268
4951
15371
12480
523
6382
6850
2196
19063
7952
17725
17481
9400
12181
12546
13288
8865
7517
18348
9156
14772
13510
3161
1932
15282
17874
9265
8925
18606
585
18546
17185
17186
17283
14173
13644
14287
10234
8875
6967
715
10153
12642
8255
1553
10255
8018
14317
5000
13899
2241
19002
6081
12720
11497
11182
7973
14340
6686
7852
16726
18866
17268
1518
9187
13768
19436
12222
1928
4887
16169
14180
2948
4276
524
11085
9192
14278
7803
11836
7233
19940
12576
19438
2585
14283
7857
81
15351
7203
19067
693
19088
4013
19026
8224
10606
1226
18760
13985
3500
7830
7620
17829
12078
12757
18657
12375
2822
333
3071
9281
210
10692
12816
17377
12750
3093
16722
19986
3405
12613
17661
5823
75
4956
6248
18908
4015
7657
8812
10667
17373
2024
862
17989
3552
15310
19479
19970
10206
11628
4393
7757
8955
1550
10403
9335
7392
725
11533
16104
8301
18328
2290
18411
5849
12717
7949
17212
13902
11291
5138
16774
17463
19181
12260
5832
16859
11082
9624
9506
1266
10439
529
19266
16446
19858
4959
13234
11739
5970
4114
17556
17702
10106
6078
907
6330
14843
18067
6221
19319
