6439
13475
10514
18460
14548
2724
14346
5683
11901
8897
16281
19286
2929
10792
15697
15217
1421
16868
12699
10685
19153
17842
4887
13513
16442
15828
6578
14497
7928
2862
9133
7375
19088
9654
9212
11440
4322
17960
16019
9797
9535
17506
6755
10289
16251
16829
8943
10377
10608
4936
9391
7785
19049
7421
18484
16936
16974
8926
461
12764
16738
7720
17325
15045
6511
16833
3602
8617
7770
698
17107
2384
6722
6228
1725
5396
5287
8562
8859
15177
1525
7974
18835
1524
1401
9561
19739
10260
2179
2478
10781
4309
10071
6432
3566
15089
2328
10233
19522
12680
13980
14561
8327
18347
8257
10004
15674
15023
12134
8006
10162
9723
7742
701
15866
5192
5423
17834
10148
8627
11681
5397
4104
1245
15440
16779
5647
16653
19151
3421
10473
10419
11059
7153
6548
11296
5432
15892
1777
1016
14343
18190
6481
12043
16021
3418
13576
17056
3225
2734
18292
2558
4656
13701
4438
4782
3650
12216
11023
7272
19318
18552
19541
12976
9687
16909
1818
1833
16870
6441
4798
15699
16241
16453
8221
10618
5421
4425
404
15838
4219
12522
11905
7793
13076
16270
13784
3410
14575
19780
19945
11534
16740
1571
9296
11256
13613
12678
6809
1405
3969
9044
11241
19858
9781
1121
4339
19575
2574
7197
3291
8647
18394
1453
15942
16675
8072
11994
15482
2207
7091
14671
13259
15689
2484
8384
14341
4795
7194
2368
19811
16271
13530
7462
7592
14225
2289
3383
3758
19915
19861
7664
19349
1041
5620
12480
512
16793
4003
16303
15408
15157
17185
1573
19597
2715
17940
7141
15811
10416
14597
11613
10768
18068
7454
1132
4683
4535
12508
14559
18211
4676
19880
13561
7363
16743
5564
6641
1485
18882
15329
4872
17585
15456
6025
10069
18468
9833
15143
13810
18946
2824
6886
7518
4935
16496
15039
16525
17367
10865
822
11297
1862
6778
13142
330
14309
7314
3153
14605
19320
17075
16481
13787
19537
2070
11406
11218
12327
11940
10345
8969
433
17691
8639
17078
13929
18874
6594
11455
4916
365
6456
17771
6096
12145
19784
9747
4448
2087
2427
12864
2741
3514
8188
8478
895
11401
13161
8937
10415
16661
1840
4897
17667
432
8608
17702
1045
1853
86
2916
18395
14027
1463
15465
6431
11736
155
5255
15467
15913
19385
12449
9168
19181
6970
3723
7749
15391
104
17438
9534
5118
5938
15564
4015
19307
10802
12536
209
18102
5825
6844
3706
10984
13604
14933
4029
18915
16397
10568
17065
9794
12509
16599
11335
5970
14603
7684
9049
10534
2126
5785
1900
8003
1084
1785
15708
2785
16148
13107
14438
19934
16752
10131
11375
586
14091
3858
14307
5741
5809
9816
2652
19015
2972
14912
17049
2434
11284
5368
9873
16787
14476
16899
14626
16190
16940
2892
15987
3102
4944
16615
5759
14269
19154
6154
9384
8938
15312
17420
11584
18101
19707
2367
6119
13832
19799
17493
9981
13318
5250
16814
633
3437
17082
8301
11509
5686
14590
7163
14086
13045
15416
334
7625
6580
17873
5739
13905
19473
13334
9826
19989
14710
4755
10346
18938
14675
507
668
9000
5349
19547
10184
19583
9688
2169
1838
1193
18632
8858
19454
8101
13644
1125
9283
13442
142
7990
1079
6717
14962
9903
2903
12445
14400
16355
19297
16643
6208
3413
14168
14326
17586
1706
3081
16708
2709
14436
6098
3097
12360
4168
271
7077
9443
2359
16768
15816
8587
10541
17767
450
9091
9697
17563
5517
12874
1107
18722
11193
12959
16386
1701
1087
11667
16228
14573
6734
9200
10658
10008
13232
3599
2971
8089
8263
1876
9909
7437
16002
5781
7948
15230
7255
13056
786
5109
6649
17136
9449
3271
7020
313
5566
15991
5744
5876
19065
19431
15677
976
4268
7257
12616
15475
18321
19201
10798
5719
14712
10795
15897
10776
6363
16238
2747
2246
9328
15777
17352
4980
10540
11388
3485
1020
17535
200
1482
16469
12087
6457
472
9536
19425
17306
11772
6626
13917
2476
18988
18638
12017
9753
1911
3266
11970
2841
3937
7050
15953
11633
3248
14162
8604
13388
13745
6847
16665
15785
5599
283
18329
725
19830
19587
666
19578
11336
16618
5604
363
14722
17866
7509
10371
8956
19317
10948
2495
1582
7973
19057
15169
3911
4124
17028
6007
3050
17851
13875
4546
1641
17740
2445
1019
19902
18011
407
10396
17293
6614
4991
13014
14645
11880
15468
8951
17805
5750
8666
7012
257
4122
1321
15992
8279
17906
11279
16444
12757
9225
11587
11114
14130
7533
2984
41
18979
1360
11703
5033
1455
18674
18300
16553
15619
14137
10799
9475
6806
5103
4646
11979
19568
1609
8720
3407
721
3161
10500
1855
5872
5336
2162
4476
1180
18953
15025
4666
16910
1071
5207
9442
13705
7040
17421
18194
18131
18010
7688
12061
18679
10348
13534
19595
18110
13269
4510
14030
17286
17639
16306
9174
12979
2506
4397
8550
6311
1181
2191
2090
12223
17124
8896
4221
2319
17887
5073
3019
18775
12579
13281
12326
11364
15310
12681
8966
18537
2339
14095
6724
3193
15113
18872
6897
13243
11140
18081
8787
3405
15857
17245
13951
1059
17482
17615
6849
17346
15526
15962
13842
7774
5831
14721
13520
3340
6142
4294
18148
15077
13981
16457
1519
2057
5693
4862
10451
4053
3177
17343
6062
15437
19527
11862
13317
3550
6981
14205
12345
7081
17477
18075
6865
2514
2269
15979
14566
7245
10787
15860
707
4529
2102
9286
13481
765
6582
4765
11227
14926
12672
10225
15309
11432
3620
9942
5058
2025
11198
8610
19971
3455
1397
17088
7086
10747
4986
14857
229
4877
15072
3753
26
17929
13086
19953
15156
13510
1984
3649
15946
15553
15963
11349
4319
13260
1362
11231
3682
4947
16003
2437
4989
13271
9198
17167
15324
9809
2743
4256
9626
3331
18435
19023
3422
11046
5125
10432
2116
15554
1332
15804
15784
11312
2292
7710
3042
1395
15433
19059
1433
1270
7371
7651
15218
19121
1315
6846
19437
15125
8018
15384
3600
15893
11316
10227
16328
6840
12453
4691
3093
18998
1369
9291
6673
3188
9815
5819
11446
3552
2143
5355
1501
7471
18823
15373
8387
5294
18980
5577
11836
10360
774
7815
18513
7112
18628
14287
3583
1693
15417
183
17523
16747
3165
3029
11408
16564
15094
5543
4918
12209
457
789
19650
19881
13267
5274
6470
13680
4860
16391
8314
8955
9320
3878
12946
98
6125
134
15813
16193
3576
15615
126
17902
7308
10612
1494
17656
6758
9420
9800
1076
353
15668
17262
6513
12887
19827
18776
9513
18255
14340
9226
15027
2350
593
13890
17818
16103
2711
332
623
10978
13827
14535
2671
1046
13237
12576
10144
19614
4956
6262
12630
11269
2461
13990
16569
6502
11898
8690
5991
1
10782
7427
14932
6782
10201
1250
5865
3931
8522
8820
1262
18678
15592
19604
17442
16263
4214
17460
4866
4474
6072
19808
8698
4458
8145
3389
18676
17121
9199
9960
7748
15340
9749
810
8824
18496
11602
4178
19168
4752
16302
13126
18867
14146
18284
12358
15719
10785
10643
17099
3212
13346
9150
11871
929
5226
19531
15180
19133
9770
8779
14977
5751
660
4060
10494
12727
18271
17007
8122
16207
3126
19156
3993
2989
7891
9791
13468
15266
1359
6821
11068
2038
6861
555
7856
13851
14824
14089
3819
17840
273
17480
1774
3339
7772
4896
16434
1277
16092
5745
3809
14412
1971
11812
9595
6420
7826
6304
1736
1281
11888
14908
1613
9440
7762
9726
12642
8137
5390
2927
11852
12904
13572
19013
8791
12878
14801
9137
16803
12692
13636
12050
9069
9261
13707
7185
7253
16906
12311
6337
7298
15449
12065
16491
14911
6870
210
9171
19510
17309
11182
13106
2197
4796
13083
2010
868
10002
3022
5890
5969
17606
16517
15041
3992
19557
17365
15162
4924
15464
14317
5022
5642
9897
7316
3712
7353
16299
8815
5285
1201
1896
18652
2344
9338
3034
17164
16879
19659
3643
6746
6054
13655
1535
756
12638
10886
1393
16438
2664
19336
1610
13955
10424
11485
10873
7506
13002
16033
7959
16970
11511
12491
1392
5305
12325
6181
19868
10606
12344
2725
16570
13931
15191
18087
11315
3463
2563
7307
10503
10749
7803
874
3803
17909
7751
1299
4767
17377
2857
16859
13113
15545
3894
3688
2042
15344
17386
9764
13203
16789
7234
8650
18777
14301
12432
5856
398
15424
17768
15187
8197
13450
14218
5290
5412
16921
17205
18857
5189
13210
3236
15888
14325
2625
7035
7949
13650
18428
16719
11482
11881
8342
4290
12415
9544
16338
18005
15993
10881
4824
2579
11271
11775
3338
9256
15117
4028
13899
19386
9731
11488
12155
3574
8857
1528
4651
9735
1200
19193
18354
6655
15652
1189
3184
6278
13838
19314
19914
14952
10938
8201
16654
3103
3533
3142
8177
9868
7557
14023
2480
11248
9264
17323
17808
15099
17080
888
16774
10029
4946
17329
2508
4539
15541
10246
5527
11099
1285
6189
12271
13837
10281
14302
5269
18270
16423
13222
19021
8558
18130
3105
854
10779
15591
6035
10929
10631
19183
17963
11303
14176
12379
12881
11982
3543
9840
3551
7065
1536
8408
12656
3018
15225
15894
19361
9879
10215
4584
10992
11014
15488
2873
17949
17470
19312
17775
1272
4988
17661
105
2290
2912
7424
3631
16682
3569
18701
17384
9452
7790
13963
18050
6150
17347
2635
2827
3307
1648
10455
6686
6739
3039
11294
16105
14945
19621
12430
16657
9830
13716
12309
18733
13284
7235
19677
18751
6274
16614
3729
1266
4024
3710
16049
15181
17853
11273
4419
12750
2546
18539
19755
14921
7208
5062
19850
9156
14233
16925
8256
16091
620
5410
4522
1278
2885
12419
6524
14185
14370
14602
2253
19544
4228
8206
3660
4170
835
17918
215
3128
10475
14417
6710
8273
390
7021
7941
3210
16848
4041
8663
972
14966
9160
12328
19660
5096
13768
13524
13268
10373
9463
551
2974
4581
2911
3061
6482
15734
17911
1142
3414
635
4352
1017
13272
7627
19251
3873
12078
7791
11301
7630
3374
16721
18372
14112
7464
10107
5974
8174
6854
16495
10796
9019
17095
15717
14210
15365
2783
19100
5380
17503
5655
1224
3394
15731
12609
13263
12071
12478
9210
12640
2667
17290
16560
5166
4282
9095
3265
17666
13449
14155
13516
16283
185
7519
9103
17228
14706
16804
15934
1233
10164
6180
17648
1934
15364
8121
13783
16533
11055
16979
19954
7054
2965
14618
17736
17832
16581
4236
6506
6731
17328
7525
13687
4657
13184
16385
11662
12382
19470
2033
9220
901
4177
18786
18259
14736
19129
14007
1029
6936
19118
16104
1064
567
13559
18105
10042
12621
18246
11596
17073
9730
4141
2682
6421
16748
10482
18637
1786
18135
16168
2320
6029
12292
17824
197
12775
9814
15111
3584
6940
19875
11491
6016
15314
10932
14989
17731
1933
8217
7377
4973
2884
7370
10517
10019
9710
6400
8586
9614
19130
1928
9996
3933
19539
12832
4407
2898
12531
8636
8062
6291
9383
7203
9216
9125
3530
12572
17226
2957
2623
15823
12218
4652
18175
5571
4998
17658
6014
17152
12686
6838
1235
2440
3367
7049
5297
11417
8019
604
181
13933
9515
18898
17331
19999
3176
10735
16986
735
5530
19204
14969
19123
424
1973
10397
18768
9330
8240
3209
18352
12670
14478
3368
18821
16924
17708
10048
13800
7857
2376
14276
19416
16439
17319
9499
10188
7823
3923
1148
7977
11908
11141
3320
17755
474
9441
5523
10536
18990
17511
5743
644
7334
4044
8717
10957
3973
7450
5108
15682
11943
7005
16655
10807
15642
3420
4928
15343
18866
15062
17083
11229
3429
11729
2084
8357
8307
19750
3844
13309
6549
4929
12439
18514
10605
12598
19002
11947
11648
18163
12900
636
2569
13560
19468
8710
1190
2233
1925
15060
16058
19061
16619
10504
19338
8936
18260
8199
12126
8154
13379
3403
1135
19824
4893
12933
15649
5725
4531
18838
17961
2489
8337
8202
18845
17432
914
14677
19274
12226
99
17001
14807
7699
5710
4215
2714
19905
15920
11157
1474
14375
153
15238
17037
14115
1156
11952
908
19898
11418
15527
12662
8074
14443
19793
263
13795
3342
2098
12151
12589
4244
15331
12520
11250
14173
13302
11472
13196
17463
11450
17730
3269
9618
17100
3430
11265
18818
9724
9468
4343
16295
15664
907
2341
15563
4855
10134
8712
13375
19542
13288
10414
14524
17045
8995
19238
18109
12083
13667
4702
13569
2372
11538
4710
19807
17465
13964
3427
16548
16096
10669
19585
19761
16370
12487
4038
2706
11501
16321
7648
13506
16077
7368
16576
14386
10847
5138
7845
17127
16695
1642
6747
19716
16427
4378
14024
3147
1312
15122
9714
17388
14369
15739
9522
994
17050
16532
13389
15957
15690
17556
19069
15151
6901
4267
11814
13733
9543
5191
19620
17891
9175
9406
3591
17393
1722
6924
5174
2543
2624
7242
1238
5106
7600
10713
11771
17452
8511
9369
14622
2568
10879
3783
8300
244
5877
16897
1813
840
13069
12539
4992
16480
18027
761
13021
12140
15159
19356
819
7134
19352
10301
8402
13853
9667
15695
5415
16736
16125
19488
5506
16993
6153
4080
14625
939
3636
17574
13984
14294
19383
11047
3085
5150
3070
15665
2276
18361
3846
3582
19733
5046
4341
18184
13114
10564
1254
2354
14953
386
4090
17249
16226
9559
809
12742
3345
5549
15560
12714
11082
15371
5525
17251
12777
14333
1583
9684
16059
9289
2636
12248
8175
2115
4604
19495
15730
13537
13753
4926
2696
11103
13264
18111
15643
3823
15215
18555
7403
13966
19096
19992
1297
1991
8259
6110
15213
6541
10951
1710
6340
8497
4678
7524
13519
19457
5586
11831
19191
7551
9110
9183
16625
13084
8565
2940
4408
18265
13975
4248
1511
6751
8204
6891
16005
17005
11774
11932
16036
17741
2273
14565
10743
9628
19591
19847
13357
8607
2137
13813
1875
11563
394
8742
7723
7166
8925
17573
3647
14473
16990
17481
17822
780
9713
1409
670
2024
13230
11037
3434
17727
375
16327
19138
17620
1280
14505
7315
2860
8915
18629
4593
19446
7652
5548
17705
10050
16521
12417
5613
17406
8442
3693
8725
12989
8208
12935
3680
11414
16334
19785
6813
17786
3072
16472
10359
9612
4227
11467
17575
9439
17410
14395
18269
548
17564
16244
15726
1819
17571
12338
495
11293
4264
16912
3791
11882
16667
15228
7393
6354
3761
11653
322
14474
938
12861
16565
6382
12124
15033
5894
15879
5184
16590
7853
7991
13275
15924
3784
11634
12994
17850
3980
1406
14929
3186
7289
2513
3077
10671
17545
10443
7589
10834
19159
14782
6178
14000
6071
5438
7607
4020
10580
11623
16541
18716
14881
4764
2791
8487
12260
17883
15229
19063
5501
10634
18522
16948
16539
17673
6360
13217
9832
8508
14885
6761
12037
19720
14139
9664
2345
14546
11018
13525
13448
1133
3938
14001
19031
2412
14742
9239
5643
9008
8654
4271
4196
18949
5773
17275
3502
8914
5443
2397
6371
11891
13724
346
17495
7677
2689
2987
9954
19798
2153
11981
3447
15673
2200
19642
19018
13732
5379
7513
15222
6801
8652
7801
16047
13862
6942
10937
8090
14888
681
16820
2471
13008
9847
2309
13347
2401
16433
19523
16951
12659
3384
3189
19680
18633
4515
16751
10578
374
8345
1754
16184
17047
17756
14842
6566
4289
5077
2422
1895
18295
13291
6113
17659
11721
19543
4266
13072
12701
5187
12211
5651
9601
17706
17900
6514
6521
14582
12730
16592
3848
17108
3639
4262
12040
9519
6367
6885
14772
3159
168
17366
18393
15856
9046
11162
13068
9854
12886
19066
3359
856
5823
2501
15627
10207
18502
9663
7862
17527
13529
16567
16277
14757
3825
13047
4996
8000
17989
7500
5767
14243
12102
17484
16903
19558
4454
12451
5340
16419
1255
4424
13304
6343
17266
16896
18704
10046
19127
14073
4315
19499
13465
13324
16604
8245
943
4184
13063
18600
17874
451
3804
17297
5601
8624
10178
19116
3195
827
16395
176
13778
17326
14255
16227
16857
10146
13366
5318
11959
18307
10545
7254
19640
11267
19865
11403
3411
10849
1879
3392
12548
14327
13374
4520
4213
11925
10363
2450
18840
16834
19170
15040
3436
18328
2389
13415
15201
13248
19944
6015
13133
14661
6107
15618
4130
6851
8374
19981
16856
9155
12983
2307
12115
10375
9807
9036
16938
11286
16285
19458
14502
12412
4861
4416
19086
7270
19748
16053
16677
19477
10548
16012
2099
435
2869
1248
9484
1517
12068
7447
6515
5202
6825
18145
11056
19655
16664
14365
15787
10894
14283
17053
4888
6362
18086
14160
19984
2135
11499
17688
6139
8148
17154
13926
17910
9292
8517
15359
18666
13502
4876
7875
3476
3136
6179
11572
15968
17341
19224
5206
18055
9780
19345
12476
16413
8596
10882
110
1888
1602
5293
8203
11154
10607
19262
17385
354
13815
75
5612
15458
16552
8391
6584
2346
3108
10284
7280
10006
13118
18275
18272
5666
1141
7426
17684
5042
14860
4076
14527
2859
9204
15840
9012
301
6104
7402
14094
9733
4201
6834
8498
9835
15833
14141
2814
12171
640
4695
1858
13214
3257
19528
9570
13514
7934
10510
6221
2209
10481
837
10100
5984
6540
2237
4455
16410
12782
9426
14691
4195
2004
17738
8827
12268
12550
11804
2101
18585
10737
13290
6953
9675
971
13277
1553
17171
10650
18876
10727
14785
2519
10985
17899
4444
16799
6975
13285
11002
2258
6028
1563
17772
513
18551
11722
18594
16983
18413
17657
16237
12956
9652
9944
5846
17829
9804
17962
5873
4126
17607
4900
15232
11264
17358
12347
906
6877
5102
15250
15947
13664
8316
9662
2477
1083
2483
212
16154
16067
1621
5891
12367
14536
17569
4417
3127
2792
9208
13985
5985
11892
14013
4635
6573
16224
5614
2313
5246
18519
5195
19788
2032
12154
16498
5578
4065
12397
9357
10585
4116
55
5901
8944
4338
3573
1497
1117
14882
18801
14918
11527
3604
15930
12374
13512
14521
11123
935
6720
397
4317
15004
5209
9377
8708
10255
14828
4859
15178
11008
2145
4414
2097
19029
4909
14992
5814
3096
13674
7241
1850
13398
19616
19534
18204
10476
1718
39
8160
13738
4804
17725
5085
10161
6935
3618
6850
16838
17508
12607
18381
844
8312
12625
8296
1789
19789
18675
3524
17471
13197
9660
14520
19305
10489
1575
17773
12732
4836
8144
5017
16729
5870
4125
19357
14767
3683
17422
14424
17921
8592
10354
4614
9653
17308
14359
6876
6592
947
8749
15769
4405
1049
2347
4276
4240
6350
12535
4598
1856
12098
4686
18781
6449
8479
13542
10800
3879
14180
13771
7207
6298
4223
16006
13103
333
11480
3440
14708
4377
4142
6283
1545
14530
18526
6581
16108
10194
11078
19316
1664
556
3553
2375
6042
3967
626
10936
5721
480
2882
3629
14525
1476
13974
15745
6417
11906
3801
14533
5346
7143
6140
3358
18169
14571
16169
4348
2774
1300
4449
4487
3098
14363
11638
5966
16797
14262
13200
383
14399
3868
19008
17239
11010
15608
12319
6527
6102
18562
19047
17350
2074
17467
15756
964
13013
10533
7217
10893
3459
15808
4871
19709
10109
18558
3180
10234
10663
1477
11773
1318
17833
13558
16054
18532
4910
6519
18869
14915
5461
12
177
5179
4450
9300
15243
12234
1870
10402
14245
2415
8807
14761
12676
1067
13792
9117
16394
5640
1945
5540
17780
6978
14479
17238
13249
5398
4254
6729
4342
8283
1910
