8919
17697
11423
1644
11800
14800
2147
11610
11281
253
18348
7045
8952
9613
15596
10312
666
3731
15899
15827
2254
12233
4902
6789
18099
10420
7136
15349
9574
11858
13921
4010
2891
1898
1157
1155
7339
11656
15706
7530
17750
8846
17513
16986
6207
12170
15161
12761
17051
15024
13942
9062
15105
19413
7331
5904
13127
19429
11746
506
15076
16666
17525
11150
14667
1304
3698
15575
347
13717
9135
5188
14219
14776
11869
4892
17369
11805
19877
11484
17894
19260
12146
5276
12041
13573
7735
4971
14699
6321
9080
6250
9915
7567
2021
18699
9007
10653
12021
19911
11749
12331
11673
17627
11968
3999
9663
5682
8985
17032
1782
11734
9608
13878
13443
7127
17060
14719
13857
13365
