1021
17524
5590
7158
10507
12383
7164
13713
9810
18164
17423
10319
4867
16197
3416
7300
8151
3121
17200
1002
10300
3859
12036
3460
9931
3404
5469
18324
9582
10038
3477
10641
11936
4423
4078
18116
4971
15640
6621
11083
6887
6884
8821
1424
11747
6011
15648
3295
6405
6001
3192
9656
19302
4591
4907
1743
7899
8541
16370
12980
8324
5579
3734
3059
14594
5704
2816
7431
8087
15205
10237
5967
10395
2631
4615
11389
4471
3470
18036
10259
5672
17178
4445
2182
17461
10995
12898
18591
14265
5081
7503
16265
8252
13797
310
67
1088
7593
3498
12998
16876
4611
9272
9822
10871
7746
9866
13509
11969
15978
17161
16484
312
5391
5626
17703
8765
9323
16473
16798
13768
1544
12595
12941
7639
2517
14206
19952
18090
405
757
2533
123
15307
15212
3238
17353
3106
13848
2500
9892
5251
7412
6330
9694
3484
5963
9769
17126
1229
10041
5884
7713
16629
897
15305
8682
2713
5757
783
3970
18939
15442
3880
4128
165
8279
4484
1873
13840
6853
2578
7917
