14061
13430
6322
1908
8577
12603
5843
10470
3664
8033
18208
1304
3125
5203
2604
4059
18590
4388
10762
6268
19625
14864
5720
1483
12120
6711
3242
3198
8028
10633
5060
16233
8356
9754
1964
14120
4899
18627
1260
16994
9313
4013
11578
8405
7448
14572
11658
10192
18995
1355
10317
19234
19776
1253
10859
9322
17076
16313
15377
8302
15927
18072
434
1060
16685
5043
2687
3816
16895
3962
1038
14378
11920
12137
11543
5334
4858
8889
3013
8613
15258
4234
12183
18273
12529
7016
15307
1978
16020
12698
8147
6309
4333
10688
11760
6505
113
9476
8275
10461
9295
1143
10636
17598
6061
5676
3001
16294
1883
12227
18227
13193
6442
15326
7820
15644
5003
9521
4286
4389
6991
8834
8346
4461
4217
12578
6467
12790
12019
2357
12190
5778
6602
4890
11259
17752
12275
9351
1794
8183
4144
2249
7237
5904
12765
8940
1834
19911
11971
10198
11632
5804
5879
7155
11064
11346
12343
9605
7884
1023
11160
1512
4971
13632
10265
6318
18825
19480
3303
1898
2776
3789
5212
4235
6246
14063
5044
11252
8502
4894
7347
13432
303
9178
16742
1333
19340
15
818
77
11089
2326
3737
4875
19310
18374
3317
3829
14950
6489
11011
12774
4456
13655
5956
14884
6206
4942
4488
14220
18220
7943
1745
6320
19466
16688
4747
2005
9376
8389
4040
11130
8476
696
8696
3731
12165
15502
7317
2300
11656
4502
14397
9312
18719
10342
16704
10794
1835
8189
11104
866
12282
18877
8469
3895
18819
12862
3163
9974
9365
1225
13420
9278
1157
3325
5851
6018
3289
2161
19167
15849
6723
17074
3506
4469
12150
808
277
2136
7018
19593
213
1529
18644
8114
16741
8265
7953
776
4119
14768
7045
3372
594
9720
5889
4242
3233
14639
14314
3235
8287
1167
12653
16601
15398
11637
2933
3241
18371
4869
12033
10164
8816
4982
627
9893
13854
17317
5908
14481
12585
8941
10889
7222
9940
6227
1028
6921
10509
19670
16847
1825
871
1673
13155
4548
6998
1149
1995
12341
12815
2449
8732
4083
748
6887
12395
164
5509
18774
1951
10321
19035
391
9783
6069
11237
9635
6026
11685
13405
12346
6874
5595
6477
10096
7325
10154
10237
5228
7672
7778
2475
15706
8536
18186
478
1456
7006
7536
1803
5972
538
18955
5607
254
2329
15752
13503
7771
3334
10367
15182
5245
2491
12748
18815
4349
16649
6815
6862
17234
8140
8251
9172
79
6095
19387
9287
2939
11865
4813
14336
7824
7226
4863
11423
7461
9410
6492
1385
4380
7397
9636
6176
3689
2493
2019
16192
15076
5135
5503
11033
762
11680
12756
11214
16825
4822
11802
5464
9850
13417
10988
12383
12207
5376
2223
12718
13646
3115
8800
12771
2045
5835
14371
9020
3697
2535
17794
12433
999
4557
9979
8579
19692
19464
17597
14491
10275
3516
135
4777
11017
3076
12560
315
574
8155
10771
15376
8763
11121
3377
8589
9048
18662
12800
5771
9001
6645
12817
4320
700
2980
3300
16616
1025
520
9902
9527
15698
12889
10448
8702
19405
3333
10924
8115
8695
2317
15148
16157
11800
8368
2993
6338
5997
16074
2345
8108
8794
5976
12814
10639
4212
12593
5734
12958
5705
233
5093
6191
